0.8842024 0.1452155 0.1030286 0.1307189 0.1085164 0.1023429 0.1038085 0.1121757 0.1055165 0.1026296 0.1046336 0.1124320 0.1004335 0.0991106 0.0925204 0.0948374 -0.0141997 0.0076862 0.0093802 0.0026327 0.0004902 0.0252322 0.0034934 0.0068904 0.0189499 0.0131901 0.0180713 0.0039503 0.0071247 0.0022230 0.0158214 0.0044710 0.0131058 0.0140277 0.0011639 0.0181130 0.0093284 0.0087028 0.0165381 0.0108158 0.0033979 -0.0027622 -0.0040021 -0.0016862 0.0143293 0.0100427 -0.0003110 -0.0197244 -0.0645267 -0.0179387 -0.0337249 -0.0373475 -0.0363396 -0.0165354 -0.0331080 -0.0371495 -0.0520129 -0.0411886 -0.0139291 -0.0298484 -0.0113439 -0.0263758 -0.0276192 -0.0143411 -0.0382463 -0.0137678 -0.0446837 -0.0195221 -0.0478941 0.0011273 -0.0408618 -0.0571357 -0.0531691 -0.0179882 -0.0364306 -0.0297554 -0.0351765 -0.0622147 -0.0388455 -0.1168100 -0.1230384 -0.0514477 -0.0469352 -0.0332400 -0.0810150 -0.0599916 -0.1516642 -0.0541007 -0.0841608 -0.0848057 -0.0854725 -0.0414038 -0.1054073 -0.0529624 -0.1415013
0.1452155 0.8851624 0.1047389 0.1406943 0.1102663 0.1095696 0.1101407 0.1143352 0.1084301 0.1064172 0.1107272 0.1135951 0.1082880 0.1035863 0.0943131 0.1000482 -0.0214593 0.0089757 0.0120878 0.0046062 -0.0074180 0.0212906 0.0040942 -0.0016925 0.0197830 0.0139878 0.0203946 0.0064438 0.0092456 0.0051789 0.0166950 0.0086510 0.0123904 0.0155227 0.0011665 0.0192778 0.0088681 0.0125699 0.0197663 0.0152828 0.0060758 -0.0023663 -0.0038052 0.0014675 0.0125040 0.0117654 -0.0063023 -0.0236551 -0.0683331 -0.0139582 -0.0356990 -0.0396569 -0.0383281 -0.0187746 -0.0330865 -0.0390495 -0.0564410 -0.0413554 -0.0135784 -0.0301237 -0.0143604 -0.0250137 -0.0260187 -0.0151983 -0.0345363 -0.0144467 -0.0417373 -0.0222836 -0.0505346 0.0017522 -0.0430434 -0.0601544 -0.0547113 -0.0214419 -0.0372957 -0.0251005 -0.0398410 -0.0667372 -0.0383673 -0.1253981 -0.1293608 -0.0533340 -0.0498052 -0.0380220 -0.0883983 -0.0602604 -0.1580637 -0.0522869 -0.0901181 -0.0889511 -0.0907447 -0.0417535 -0.1126200 -0.0523015 -0.1455632
0.1030286 0.1047389 0.8836963 0.1016747 0.1574325 0.1489306 0.1685687 0.1583010 0.1118158 0.1110573 0.1143789 0.1157161 0.1119855 0.1079621 0.1005607 0.1031510 -0.0150102 0.0041090 0.0139255 -0.0010839 -0.0041718 0.0222085 0.0026505 -0.0009351 0.0178036 0.0128983 0.0230186 0.0108948 0.0089270 0.0079769 0.0200545 0.0067296 0.0165486 0.0166025 0.0040935 0.0242609 0.0144321 0.0087305 0.0188583 0.0175209 0.0101722 0.0015798 -0.0050712 -0.0019169 0.0170497 0.0170732 -0.0027880 -0.0235021 -0.0748825 -0.0206327 -0.0326221 -0.0427999 -0.0378703 -0.0202813 -0.0357585 -0.0406533 -0.0549584 -0.0448411 -0.0184258 -0.0329292 -0.0137956 -0.0287765 -0.0283349 -0.0221462 -0.0421884 -0.0213916 -0.0467529 -0.0230285 -0.0530851 -0.0022518 -0.0455818 -0.0605105 -0.0575083 -0.0199219 -0.0351526 -0.0306718 -0.0414124 -0.0708017 -0.0407407 -0.1328014 -0.1419261 -0.0548674 -0.0493225 -0.0390965 -0.0917902 -0.0610204 -0.1633778 -0.0647812 -0.0947996 -0.0906127 -0.0924714 -0.0461271 -0.1206411 -0.0567624 -0.1555047
0.1307189 0.1406943 0.1016747 0.8947958 0.1031806 0.1029425 0.1003983 0.1091296 0.1037808 0.0973706 0.1046558 0.1055298 0.0974722 0.0980520 0.0901653 0.0945734 -0.0188095 0.0026746 0.0093746 -0.0025153 -0.0095634 0.0175425 0.0010750 0.0009438 0.0215273 0.0130411 0.0220775 0.0118130 0.0113941 0.0069957 0.0182005 0.0085970 0.0164349 0.0156936 0.0037857 0.0194878 0.0112971 0.0148998 0.0194281 0.0150731 0.0072937 0.0016268 0.0033567 0.0021623 0.0173193 0.0139046 -0.0023999 -0.0180199 -0.0653642 -0.0141588 -0.0294427 -0.0389356 -0.0350357 -0.0170981 -0.0284822 -0.0386932 -0.0504527 -0.0369843 -0.0107275 -0.0252836 -0.0122226 -0.0244491 -0.0238399 -0.0131802 -0.0316010 -0.0151596 -0.0449366 -0.0162804 -0.0475672 0.0051872 -0.0407612 -0.0546424 -0.0544157 -0.0175351 -0.0337303 -0.0268045 -0.0367217 -0.0625012 -0.0364984 -0.1230271 -0.1274627 -0.0507786 -0.0424524 -0.0315938 -0.0851293 -0.0601743 -0.1572326 -0.0534135 -0.0879293 -0.0837925 -0.0836061 -0.0392486 -0.1114723 -0.0510571 -0.1429161
0.1085164 0.1102663 0.1574325 0.1031806 0.9007010 0.1687835 0.1717124 0.1691744 0.1164816 0.1134331 0.1174818 0.1209242 0.1141710 0.1120538 0.0999982 0.1070861 -0.0171793 0.0121643 0.0144678 0.0056253 -0.0004421 0.0278111 0.0086991 0.0045211 0.0221246 0.0124538 0.0233373 0.0068800 0.0080791 0.0046722 0.0191472 0.0065294 0.0140517 0.0161089 -0.0016167 0.0226804 0.0092345 0.0098545 0.0213796 0.0133801 0.0133537 -0.0000271 -0.0071943 -0.0001885 0.0168067 0.0126046 -0.0026777 -0.0283454 -0.0717480 -0.0190575 -0.0375552 -0.0395563 -0.0419921 -0.0194640 -0.0371028 -0.0428601 -0.0577419 -0.0459487 -0.0188548 -0.0394616 -0.0152439 -0.0269074 -0.0296203 -0.0216179 -0.0375197 -0.0174021 -0.0485190 -0.0282022 -0.0541351 0.0027104 -0.0472622 -0.0645774 -0.0617925 -0.0195704 -0.0364018 -0.0311440 -0.0433769 -0.0728233 -0.0417024 -0.1345527 -0.1443341 -0.0565207 -0.0535931 -0.0405950 -0.0912823 -0.0623647 -0.1637381 -0.0627526 -0.0942634 -0.0929557 -0.0943713 -0.0453420 -0.1194850 -0.0625104 -0.1533205
0.1023429 0.1095696 0.1489306 0.1029425 0.1687835 0.8897557 0.1637241 0.1614494 0.1140932 0.1112521 0.1152032 0.1205249 0.1102760 0.1098314 0.0993082 0.1061622 -0.0158503 0.0066209 0.0138240 0.0029588 -0.0033198 0.0238220 0.0055904 0.0024196 0.0231960 0.0163294 0.0228410 0.0079153 0.0109237 0.0077569 0.0149984 0.0059258 0.0179144 0.0158187 -0.0026538 0.0199022 0.0055383 0.0060987 0.0137066 0.0139264 0.0110810 -0.0003635 -0.0032836 -0.0017260 0.0166641 0.0123648 -0.0022407 -0.0288970 -0.0720605 -0.0214541 -0.0405418 -0.0392320 -0.0411679 -0.0188140 -0.0385228 -0.0391480 -0.0623877 -0.0460073 -0.0202429 -0.0369087 -0.0145468 -0.0297328 -0.0307181 -0.0179292 -0.0389657 -0.0163236 -0.0483968 -0.0277227 -0.0503368 0.0016963 -0.0491943 -0.0643078 -0.0600676 -0.0199953 -0.0362626 -0.0301332 -0.0405702 -0.0740600 -0.0398640 -0.1306050 -0.1421261 -0.0548293 -0.0490835 -0.0380076 -0.0919492 -0.0579140 -0.1616671 -0.0632596 -0.0921303 -0.0949200 -0.0960377 -0.0446969 -0.1165082 -0.0625006 -0.1501699
0.1038085 0.1101407 0.1685687 0.1003983 0.1717124 0.1637241 0.8808376 0.1760953 0.1149237 0.1135552 0.1168781 0.1218433 0.1117457 0.1136204 0.0973594 0.1074443 -0.0232016 0.0049953 0.0131390 0.0037720 -0.0069500 0.0208906 0.0030091 -0.0051681 0.0209248 0.0144554 0.0222907 0.0093428 0.0089162 0.0088686 0.0186984 0.0077975 0.0170475 0.0171560 0.0019579 0.0227337 0.0068923 0.0103232 0.0197473 0.0192450 0.0113215 -0.0018276 -0.0047399 -0.0019562 0.0137217 0.0115250 -0.0036516 -0.0271833 -0.0737464 -0.0197428 -0.0377452 -0.0428724 -0.0419835 -0.0199113 -0.0395320 -0.0419129 -0.0565560 -0.0472205 -0.0206873 -0.0424799 -0.0168042 -0.0277029 -0.0293340 -0.0188006 -0.0366450 -0.0154325 -0.0467510 -0.0263732 -0.0540996 0.0037050 -0.0480248 -0.0651888 -0.0616782 -0.0209156 -0.0363194 -0.0291478 -0.0439881 -0.0717026 -0.0424608 -0.1356299 -0.1445011 -0.0557562 -0.0498257 -0.0418377 -0.0931158 -0.0622550 -0.1711948 -0.0657482 -0.0964731 -0.0927535 -0.0943506 -0.0473418 -0.1239823 -0.0648032 -0.1603419
0.1121757 0.1143352 0.1583010 0.1091296 0.1691744 0.1614494 0.1760953 0.8990303 0.1210017 0.1156596 0.1216858 0.1289635 0.1149887 0.1176286 0.1046046 0.1085141 -0.0159897 0.0073280 0.0192199 0.0052481 -0.0014560 0.0285718 0.0087769 -0.0010419 0.0203064 0.0160492 0.0207880 0.0075204 0.0071952 0.0037638 0.0165482 0.0067028 0.0168416 0.0162340 -0.0003906 0.0227765 0.0082664 0.0101665 0.0193785 0.0159444 0.0121789 -0.0026342 -0.0052535 -0.0002704 0.0128460 0.0145259 -0.0051844 -0.0276964 -0.0745517 -0.0195754 -0.0410025 -0.0373908 -0.0436629 -0.0192152 -0.0372389 -0.0431915 -0.0601303 -0.0506470 -0.0242295 -0.0385899 -0.0164997 -0.0312561 -0.0327920 -0.0236880 -0.0412143 -0.0174453 -0.0514296 -0.0276800 -0.0538956 0.0009835 -0.0489191 -0.0639871 -0.0621936 -0.0180819 -0.0394214 -0.0302154 -0.0427687 -0.0746822 -0.0422614 -0.1352807 -0.1439660 -0.0592374 -0.0505398 -0.0407044 -0.0906983 -0.0635792 -0.1674800 -0.0609939 -0.0973235 -0.0950462 -0.0972787 -0.0469149 -0.1223722 -0.0614294 -0.1544614
0.1055165 0.1084301 0.1118158 0.1037808 0.1164816 0.1140932 0.1149237 0.1210017 0.9057326 0.1567286 0.1690056 0.1635077 0.1590611 0.1531396 0.1074427 0.1149645 -0.0142126 0.0125970 0.0182766 0.0140094 0.0008001 0.0281919 0.0135043 0.0067666 0.0206179 0.0088071 0.0204015 0.0083996 0.0079449 0.0038763 0.0139072 0.0061262 0.0140918 0.0145443 -0.0037438 0.0190651 0.0073865 0.0072279 0.0142246 0.0118832 0.0092060 -0.0091167 -0.0097203 0.0045411 0.0186540 0.0120251 -0.0004894 -0.0286034 -0.0719330 -0.0210295 -0.0350758 -0.0471959 -0.0436700 -0.0203048 -0.0327107 -0.0405084 -0.0608706 -0.0431072 -0.0239884 -0.0358866 -0.0207950 -0.0327196 -0.0324708 -0.0220880 -0.0415903 -0.0166022 -0.0491737 -0.0276212 -0.0545974 0.0017581 -0.0479679 -0.0637339 -0.0545513 -0.0228750 -0.0400037 -0.0331359 -0.0492215 -0.0719638 -0.0410898 -0.1312341 -0.1349299 -0.0562964 -0.0571115 -0.0384777 -0.0950333 -0.0648338 -0.1571564 -0.0594321 -0.0955723 -0.1011734 -0.1015480 -0.0443707 -0.1204736 -0.0602533 -0.1522211
0.1026296 0.1064172 0.1110573 0.0973706 0.1134331 0.1112521 0.1135552 0.1156596 0.1567286 0.8985631 0.1539020 0.1587672 0.1701679 0.1524045 0.1001812 0.1086820 -0.0131600 0.0131418 0.0163381 0.0150500 0.0028421 0.0283129 0.0136048 0.0098624 0.0169420 0.0100274 0.0171392 0.0087380 0.0065769 0.0007434 0.0106024 0.0035824 0.0128035 0.0132869 -0.0013846 0.0194211 0.0032126 0.0056642 0.0166391 0.0133900 0.0063048 -0.0062332 -0.0085444 0.0040494 0.0156687 0.0086192 -0.0037465 -0.0276512 -0.0730496 -0.0188499 -0.0360383 -0.0384727 -0.0417646 -0.0161970 -0.0381149 -0.0385760 -0.0585928 -0.0454962 -0.0238662 -0.0367162 -0.0201966 -0.0335749 -0.0353093 -0.0238812 -0.0384196 -0.0177818 -0.0498069 -0.0269275 -0.0548006 -0.0034970 -0.0507016 -0.0611662 -0.0546239 -0.0227465 -0.0405054 -0.0320919 -0.0446785 -0.0701685 -0.0403239 -0.1253236 -0.1349452 -0.0560751 -0.0519655 -0.0378194 -0.0935352 -0.0607072 -0.1524310 -0.0620035 -0.0923513 -0.0963577 -0.0967653 -0.0453695 -0.1134554 -0.0615216 -0.1447100
0.1046336 0.1107272 0.1143789 0.1046558 0.1174818 0.1152032 0.1168781 0.1216858 0.1690056 0.1539020 0.9292958 0.1748924 0.1596697 0.1567772 0.1089179 0.1121932 -0.0048088 0.0204705 0.0297526 0.0193421 0.0114422 0.0365771 0.0208108 0.0134341 0.0156365 0.0067625 0.0159356 0.0068985 0.0073564 -0.0010510 0.0112065 -0.0007022 0.0096822 0.0120364 -0.0041994 0.0183360 0.0064494 0.0049158 0.0146195 0.0094587 0.0095922 -0.0056471 -0.0090654 0.0023532 0.0168631 0.0102615 -0.0053372 -0.0325848 -0.0704253 -0.0227120 -0.0336419 -0.0430229 -0.0424713 -0.0209586 -0.0370632 -0.0413917 -0.0609826 -0.0428570 -0.0226501 -0.0330374 -0.0241590 -0.0381730 -0.0384289 -0.0242034 -0.0442913 -0.0204587 -0.0513910 -0.0312124 -0.0591548 -0.0064213 -0.0515560 -0.0639397 -0.0561125 -0.0220514 -0.0380259 -0.0337853 -0.0456214 -0.0695148 -0.0432756 -0.1252229 -0.1330790 -0.0597561 -0.0512186 -0.0404710 -0.0955571 -0.0662926 -0.1490284 -0.0611357 -0.0960729 -0.0973685 -0.0976465 -0.0433685 -0.1145533 -0.0589940 -0.1457390
0.1124320 0.1135951 0.1157161 0.1055298 0.1209242 0.1205249 0.1218433 0.1289635 0.1635077 0.1587672 0.1748924 0.9184330 0.1654960 0.1601240 0.1048401 0.1177897 -0.0098395 0.0198207 0.0242660 0.0170333 0.0053636 0.0366324 0.0189363 0.0102733 0.0151937 0.0057893 0.0175765 0.0054871 0.0044475 -0.0019792 0.0098160 0.0009449 0.0107948 0.0126640 -0.0000779 0.0205565 0.0066872 0.0028081 0.0145179 0.0086789 0.0098436 -0.0073735 -0.0063123 0.0005618 0.0179844 0.0075542 -0.0030962 -0.0337980 -0.0765940 -0.0238969 -0.0371682 -0.0429365 -0.0417933 -0.0181344 -0.0381543 -0.0439964 -0.0616061 -0.0405435 -0.0255474 -0.0388866 -0.0260899 -0.0384113 -0.0386200 -0.0259641 -0.0430395 -0.0209150 -0.0496846 -0.0321434 -0.0584264 -0.0019112 -0.0491134 -0.0659784 -0.0576509 -0.0276838 -0.0441417 -0.0322371 -0.0472615 -0.0748740 -0.0415676 -0.1265788 -0.1356010 -0.0603764 -0.0541210 -0.0441443 -0.0993612 -0.0659100 -0.1503829 -0.0643600 -0.0956793 -0.1006533 -0.1010706 -0.0492456 -0.1134660 -0.0653925 -0.1497810
0.1004335 0.1082880 0.1119855 0.0974722 0.1141710 0.1102760 0.1117457 0.1149887 0.1590611 0.1701679 0.1596697 0.1654960 0.9004599 0.1601341 0.1037142 0.1094850 -0.0203507 0.0116465 0.0160222 0.0091922 -0.0023226 0.0274169 0.0104911 0.0037345 0.0171904 0.0098381 0.0231640 0.0080646 0.0089567 0.0031857 0.0140441 0.0052449 0.0167669 0.0150425 -0.0036064 0.0202964 0.0089080 0.0107693 0.0204735 0.0118371 0.0067714 -0.0063176 -0.0050338 0.0069264 0.0157510 0.0107835 -0.0003586 -0.0305012 -0.0736543 -0.0188227 -0.0391837 -0.0383551 -0.0381892 -0.0229068 -0.0344497 -0.0420891 -0.0603262 -0.0434623 -0.0194239 -0.0373396 -0.0165558 -0.0326491 -0.0328808 -0.0249785 -0.0374952 -0.0162375 -0.0508554 -0.0279312 -0.0548230 -0.0001544 -0.0490631 -0.0625764 -0.0599562 -0.0211789 -0.0395789 -0.0297090 -0.0451716 -0.0703035 -0.0404605 -0.1333406 -0.1387951 -0.0595469 -0.0564369 -0.0375955 -0.0965980 -0.0651465 -0.1607117 -0.0627195 -0.0950514 -0.0983210 -0.0982485 -0.0453672 -0.1211640 -0.0597362 -0.1538689
0.0991106 0.1035863 0.1079621 0.0980520 0.1120538 0.1098314 0.1136204 0.1176286 0.1531396 0.1524045 0.1567772 0.1601240 0.1601341 0.9085803 0.1039205 0.1029941 -0.0091177 0.0154793 0.0224881 0.0104361 0.0027822 0.0319103 0.0135206 0.0102203 0.0194668 0.0043064 0.0160047 0.0077622 0.0083387 -0.0007560 0.0088707 0.0015364 0.0083878 0.0131630 -0.0021325 0.0185964 0.0082765 0.0053724 0.0146581 0.0139167 0.0075272 -0.0044635 -0.0050894 0.0025070 0.0141374 0.0110249 -0.0018712 -0.0271202 -0.0714010 -0.0213771 -0.0367958 -0.0403545 -0.0422022 -0.0217770 -0.0352697 -0.0387200 -0.0609376 -0.0432714 -0.0210576 -0.0357110 -0.0199380 -0.0350017 -0.0346920 -0.0215764 -0.0396688 -0.0201209 -0.0507079 -0.0256764 -0.0540607 -0.0039312 -0.0502464 -0.0640411 -0.0563480 -0.0209274 -0.0375536 -0.0282225 -0.0413881 -0.0690770 -0.0410833 -0.1276822 -0.1331419 -0.0599811 -0.0528184 -0.0394883 -0.0952731 -0.0633807 -0.1530752 -0.0624135 -0.0947675 -0.0949821 -0.0955595 -0.0429666 -0.1155814 -0.0530787 -0.1480745
0.0925204 0.0943131 0.1005607 0.0901653 0.0999982 0.0993082 0.0973594 0.1046046 0.1074427 0.1001812 0.1089179 0.1048401 0.1037142 0.1039205 0.8828507 0.0964953 -0.0178274 0.0031062 0.0086366 -0.0035483 -0.0078653 0.0224618 0.0007453 -0.0023707 0.0187351 0.0140215 0.0238984 0.0097935 0.0117153 0.0087713 0.0194891 0.0063033 0.0170038 0.0156756 0.0068136 0.0188072 0.0097320 0.0149877 0.0180442 0.0168401 0.0078457 0.0000113 -0.0005172 0.0042806 0.0147643 0.0168146 -0.0047263 -0.0167463 -0.0651846 -0.0158041 -0.0283886 -0.0368298 -0.0345616 -0.0127433 -0.0255416 -0.0380153 -0.0487163 -0.0316620 -0.0107040 -0.0278474 -0.0105992 -0.0222300 -0.0246904 -0.0194953 -0.0316172 -0.0150718 -0.0397010 -0.0161369 -0.0461847 0.0021626 -0.0394261 -0.0527360 -0.0490084 -0.0205572 -0.0336670 -0.0279788 -0.0398971 -0.0632651 -0.0352926 -0.1161994 -0.1241877 -0.0454684 -0.0386077 -0.0310168 -0.0805676 -0.0550688 -0.1499689 -0.0515438 -0.0832801 -0.0834123 -0.0840615 -0.0407967 -0.1062146 -0.0531406 -0.1386066
0.0948374 0.1000482 0.1031510 0.0945734 0.1070861 0.1061622 0.1074443 0.1085141 0.1149645 0.1086820 0.1121932 0.1177897 0.1094850 0.1029941 0.0964953 0.8894466 -0.0246990 0.0030342 0.0075319 0.0024664 -0.0083362 0.0194392 0.0007203 -0.0009841 0.0226000 0.0187284 0.0246608 0.0102866 0.0140901 0.0093017 0.0206866 0.0132243 0.0248390 0.0157681 0.0064756 0.0243939 0.0097327 0.0147352 0.0196043 0.0149783 0.0114844 0.0013732 0.0037398 0.0011534 0.0144724 0.0175678 0.0006917 -0.0213930 -0.0657781 -0.0174783 -0.0302968 -0.0385936 -0.0359460 -0.0137143 -0.0298810 -0.0407727 -0.0533433 -0.0344793 -0.0143286 -0.0282356 -0.0087507 -0.0235727 -0.0247369 -0.0180217 -0.0305129 -0.0113356 -0.0406512 -0.0199527 -0.0487241 0.0027638 -0.0382509 -0.0574924 -0.0501300 -0.0166461 -0.0358769 -0.0216426 -0.0391293 -0.0668706 -0.0356554 -0.1198641 -0.1290794 -0.0479370 -0.0466743 -0.0357300 -0.0824449 -0.0571754 -0.1566801 -0.0541790 -0.0864714 -0.0893190 -0.0896034 -0.0390477 -0.0919198 -0.0582041 -0.1455323
-0.0141997 -0.0214593 -0.0150102 -0.0188095 -0.0171793 -0.0158503 -0.0232016 -0.0159897 -0.0142126 -0.0131600 -0.0048088 -0.0098395 -0.0203507 -0.0091177 -0.0178274 -0.0246990 1.1834743 0.1268257 0.1324647 0.1684630 0.1767425 0.1232928 0.1513708 0.1575246 -0.0758882 -0.0727622 -0.0731860 -0.0622539 -0.0816553 -0.0901403 -0.0988410 -0.0920645 -0.0905386 -0.0524600 -0.0496129 -0.0850207 -0.0636518 -0.0705886 -0.0720495 -0.0746403 -0.0213870 -0.0435240 -0.0824766 -0.0371137 -0.0390084 -0.0592002 -0.0418404 -0.0921441 0.0677840 -0.0302231 -0.0035811 0.0211485 -0.0318630 -0.0104593 -0.0201055 0.0090779 0.0103302 -0.0074623 -0.0924493 -0.0167107 -0.0916651 -0.1007045 -0.0991643 -0.0486964 -0.0475931 -0.0483876 -0.0388144 -0.0902640 -0.0440856 -0.0681665 -0.0281962 0.0240003 0.0208845 -0.0078529 -0.0129624 -0.0213739 0.0047790 0.0231586 0.0095281 0.1319281 0.1352743 -0.0134692 0.0104728 -0.0242503 0.0525987 0.0065153 0.2226288 0.0082945 0.0694755 -0.0076850 -0.0047738 -0.0272575 0.1520410 0.0097982 0.1798984
0.0076862 0.0089757 0.0041090 0.0026746 0.0121643 0.0066209 0.0049953 0.0073280 0.0125970 0.0131418 0.0204705 0.0198207 0.0116465 0.0154793 0.0031062 0.0030342 0.1268257 1.1062754 0.1290900 0.1439536 0.1421746 0.1213415 0.1384499 0.1247849 -0.0567228 -0.0658868 -0.0572660 -0.0581964 -0.0611421 -0.0786354 -0.0797286 -0.0737564 -0.0709825 -0.0429935 -0.0546053 -0.0719498 -0.0548286 -0.0629412 -0.0595645 -0.0654122 -0.0199735 -0.0530163 -0.0627550 -0.0282618 -0.0251956 -0.0564652 -0.0454428 -0.0793034 0.0284739 -0.0309735 -0.0069735 -0.0108967 -0.0312690 -0.0121352 -0.0449687 -0.0048976 -0.0111973 -0.0083557 -0.0772990 -0.0212072 -0.0855445 -0.0922196 -0.0919141 -0.0451453 -0.0472516 -0.0507252 -0.0409416 -0.0787997 -0.0566181 -0.0584763 -0.0372838 0.0108182 0.0010476 -0.0124536 -0.0182766 -0.0061882 -0.0081252 0.0179256 0.0045767 0.0832407 0.0823658 -0.0196055 -0.0003785 -0.0259079 0.0282936 0.0073830 0.1587759 -0.0113631 0.0352378 -0.0144156 -0.0128216 -0.0159427 0.1137527 -0.0177082 0.1295493
0.0093802 0.0120878 0.0139255 0.0093746 0.0144678 0.0138240 0.0131390 0.0192199 0.0182766 0.0163381 0.0297526 0.0242660 0.0160222 0.0224881 0.0086366 0.0075319 0.1324647 0.1290900 1.1149291 0.1406981 0.1561062 0.1249095 0.1347840 0.1284252 -0.0565438 -0.0569140 -0.0501102 -0.0573627 -0.0642921 -0.0793542 -0.0764149 -0.0735983 -0.0707052 -0.0422823 -0.0577199 -0.0623552 -0.0584922 -0.0639515 -0.0602603 -0.0558542 -0.0239555 -0.0507260 -0.0693386 -0.0317234 -0.0132986 -0.0527504 -0.0493874 -0.0777525 0.0360151 -0.0249046 -0.0088698 -0.0093243 -0.0228922 -0.0141431 -0.0366048 0.0067592 -0.0209054 -0.0168437 -0.0807999 -0.0172380 -0.0876241 -0.0914062 -0.0904946 -0.0389246 -0.0515602 -0.0489334 -0.0408540 -0.0760993 -0.0619671 -0.0566849 -0.0455659 -0.0065872 -0.0033906 -0.0103845 -0.0232647 -0.0175273 -0.0062273 0.0052622 -0.0065508 0.0837890 0.0883058 -0.0329008 0.0005023 -0.0394454 0.0188599 -0.0019667 0.1511715 -0.0115725 0.0112621 -0.0171596 -0.0168267 -0.0209189 0.1059025 -0.0166470 0.1125590
0.0026327 0.0046062 -0.0010839 -0.0025153 0.0056253 0.0029588 0.0037720 0.0052481 0.0140094 0.0150500 0.0193421 0.0170333 0.0091922 0.0104361 -0.0035483 0.0024664 0.1684630 0.1439536 0.1406981 1.1811343 0.1632308 0.1508284 0.1830128 0.1426703 -0.0676399 -0.0685930 -0.0659753 -0.0665496 -0.0781501 -0.0907663 -0.0960603 -0.0856427 -0.0830306 -0.0507078 -0.0615291 -0.0764538 -0.0557200 -0.0746892 -0.0682582 -0.0735366 -0.0350407 -0.0594412 -0.0836651 -0.0372247 -0.0305396 -0.0683688 -0.0597215 -0.0821817 0.0475311 -0.0238394 -0.0023041 0.0115904 -0.0117160 -0.0172406 -0.0393364 -0.0110757 -0.0131844 -0.0043822 -0.0870243 -0.0132298 -0.0965957 -0.1033403 -0.1034115 -0.0576898 -0.0492664 -0.0572267 -0.0399346 -0.0825651 -0.0652778 -0.0607826 -0.0408325 0.0006896 0.0016295 0.0040197 -0.0115457 -0.0288574 -0.0094081 0.0140443 -0.0064558 0.1030975 0.0854536 -0.0309640 -0.0248047 -0.0263397 0.0151976 -0.0013459 0.1952106 -0.0003074 0.0511226 -0.0055350 -0.0034212 -0.0178818 0.1375731 -0.0350431 0.1534599
0.0004902 -0.0074180 -0.0041718 -0.0095634 -0.0004421 -0.0033198 -0.0069500 -0.0014560 0.0008001 0.0028421 0.0114422 0.0053636 -0.0023226 0.0027822 -0.0078653 -0.0083362 0.1767425 0.1421746 0.1561062 0.1632308 1.2148675 0.1529709 0.1723491 0.1638003 -0.0772705 -0.0711774 -0.0637332 -0.0733189 -0.0835921 -0.1018972 -0.0939339 -0.0947912 -0.0940059 -0.0551092 -0.0661998 -0.0877091 -0.0792002 -0.0763557 -0.0748338 -0.0749878 -0.0247520 -0.0602657 -0.0860566 -0.0392693 -0.0331753 -0.0678059 -0.0561201 -0.1025597 0.0615359 -0.0224956 -0.0124771 0.0220298 -0.0182008 -0.0262391 -0.0454964 0.0024212 -0.0078226 -0.0205031 -0.0995278 -0.0229873 -0.1049725 -0.1015206 -0.1025985 -0.0457314 -0.0542929 -0.0596912 -0.0427601 -0.1044465 -0.0585584 -0.0666277 -0.0321191 0.0174035 0.0104770 -0.0083943 -0.0132712 -0.0338389 0.0001634 0.0385719 -0.0049052 0.1223236 0.1256115 -0.0244683 -0.0055321 -0.0222987 0.0372850 -0.0024478 0.2276435 0.0043500 0.0663822 -0.0062903 -0.0044679 -0.0081691 0.1575261 0.0055638 0.1726265
0.0252322 0.0212906 0.0222085 0.0175425 0.0278111 0.0238220 0.0208906 0.0285718 0.0281919 0.0283129 0.0365771 0.0366324 0.0274169 0.0319103 0.0224618 0.0194392 0.1232928 0.1213415 0.1249095 0.1508284 0.1529709 1.1226764 0.1520939 0.1426190 -0.0632699 -0.0542397 -0.0542848 -0.0510104 -0.0680365 -0.0820822 -0.0796516 -0.0728648 -0.0725803 -0.0424071 -0.0540026 -0.0657363 -0.0583475 -0.0593176 -0.0637507 -0.0575893 -0.0258040 -0.0565665 -0.0699776 -0.0309670 -0.0242520 -0.0589250 -0.0526672 -0.0821662 0.0302352 -0.0325988 -0.0062153 0.0043674 -0.0137108 -0.0212395 -0.0439837 -0.0109423 -0.0275685 -0.0107029 -0.0737849 -0.0173322 -0.0947969 -0.0905013 -0.0902204 -0.0498572 -0.0635745 -0.0566920 -0.0494972 -0.0809781 -0.0652513 -0.0560602 -0.0515921 -0.0054037 -0.0086084 -0.0106175 -0.0246445 -0.0249516 -0.0082977 0.0186697 0.0115211 0.0710838 0.0608136 -0.0373288 -0.0240851 -0.0252651 0.0054632 -0.0068638 0.1415918 -0.0142642 0.0195222 -0.0192656 -0.0166873 -0.0244975 0.1004738 -0.0271787 0.1085336
0.0034934 0.0040942 0.0026505 0.0010750 0.0086991 0.0055904 0.0030091 0.0087769 0.0135043 0.0136048 0.0208108 0.0189363 0.0104911 0.0135206 0.0007453 0.0007203 0.1513708 0.1384499 0.1347840 0.1830128 0.1723491 0.1520939 1.1651084 0.1521937 -0.0688611 -0.0715610 -0.0680575 -0.0701594 -0.0776373 -0.0924472 -0.0863146 -0.0828639 -0.0825528 -0.0498210 -0.0608799 -0.0837926 -0.0701514 -0.0736403 -0.0733880 -0.0714461 -0.0226096 -0.0553214 -0.0788560 -0.0327746 -0.0338265 -0.0626266 -0.0570993 -0.0886523 0.0397992 -0.0239511 -0.0014720 0.0127978 -0.0213073 -0.0177236 -0.0428788 0.0009490 -0.0205155 0.0031567 -0.0827637 -0.0153320 -0.1020766 -0.1004413 -0.0986448 -0.0585153 -0.0582865 -0.0519052 -0.0469417 -0.0887165 -0.0608212 -0.0630114 -0.0465308 0.0075077 -0.0030202 -0.0001083 -0.0222415 -0.0295198 -0.0034229 0.0149230 0.0044611 0.1134647 0.0979643 -0.0253414 -0.0117254 -0.0199731 0.0310418 0.0024052 0.1898878 0.0093780 0.0538086 -0.0123028 -0.0104769 -0.0209223 0.1355595 -0.0148748 0.1582992
0.0068904 -0.0016925 -0.0009351 0.0009438 0.0045211 0.0024196 -0.0051681 -0.0010419 0.0067666 0.0098624 0.0134341 0.0102733 0.0037345 0.0102203 -0.0023707 -0.0009841 0.1575246 0.1247849 0.1284252 0.1426703 0.1638003 0.1426190 0.1521937 1.1352849 -0.0613974 -0.0532829 -0.0630403 -0.0557790 -0.0701921 -0.0836674 -0.0835863 -0.0713771 -0.0790070 -0.0457684 -0.0613555 -0.0717127 -0.0575207 -0.0614460 -0.0611446 -0.0666372 -0.0207949 -0.0520408 -0.0744197 -0.0324914 -0.0241872 -0.0554205 -0.0442471 -0.0882569 0.0334671 -0.0272878 -0.0007111 0.0163161 -0.0247138 -0.0180021 -0.0271001 -0.0039978 -0.0108760 -0.0087932 -0.0820056 -0.0282858 -0.0873460 -0.0903725 -0.0898105 -0.0539827 -0.0532560 -0.0573944 -0.0409643 -0.0877178 -0.0491565 -0.0523630 -0.0330447 0.0152495 0.0077029 -0.0126338 -0.0194995 -0.0167498 0.0026391 0.0236785 -0.0071958 0.0932832 0.0806264 -0.0296765 -0.0079571 -0.0286690 0.0331578 -0.0059662 0.1749003 -0.0105770 0.0328110 -0.0022226 -0.0007593 -0.0229279 0.1201515 -0.0123061 0.1352893
0.0189499 0.0197830 0.0178036 0.0215273 0.0221246 0.0231960 0.0209248 0.0203064 0.0206179 0.0169420 0.0156365 0.0151937 0.0171904 0.0194668 0.0187351 0.0226000 -0.0758882 -0.0567228 -0.0565438 -0.0676399 -0.0772705 -0.0632699 -0.0688611 -0.0613974 0.8496206 0.0314577 0.0359213 0.0516348 0.0664481 0.0808375 0.0812295 0.0591286 0.0393140 0.0267058 0.0227644 0.0402167 0.0281498 0.0291876 0.0251578 0.0356256 0.0065326 0.0144424 0.0298372 0.0105081 0.0168606 0.0281092 0.0122883 0.0192564 -0.0515192 -0.0078594 -0.0195825 -0.0211963 -0.0171245 -0.0044682 -0.0092350 -0.0143091 -0.0180408 -0.0174985 0.0237703 -0.0084025 0.0234574 0.0188516 0.0191909 0.0114661 0.0063847 0.0140112 -0.0028872 0.0201840 0.0063701 0.0255455 -0.0037578 -0.0300433 -0.0303457 -0.0110954 -0.0116748 -0.0016620 -0.0214676 -0.0359705 -0.0259498 -0.0878738 -0.1023125 -0.0126603 -0.0122727 -0.0019681 -0.0545644 -0.0296410 -0.1430623 -0.0203033 -0.0537988 -0.0381858 -0.0391209 -0.0101848 -0.1068075 -0.0199274 -0.1263436
0.0131901 0.0139878 0.0128983 0.0130411 0.0124538 0.0163294 0.0144554 0.0160492 0.0088071 0.0100274 0.0067625 0.0057893 0.0098381 0.0043064 0.0140215 0.0187284 -0.0727622 -0.0658868 -0.0569140 -0.0685930 -0.0711774 -0.0542397 -0.0715610 -0.0532829 0.0314577 0.8679835 0.0713208 0.0238624 0.0438513 0.0352557 0.0431103 0.0354805 0.0372636 0.0248919 0.0169488 0.0385486 0.0223086 0.0257726 0.0274782 0.0337713 0.0049581 0.0186523 0.0226611 0.0041851 0.0068802 0.0278587 0.0152551 0.0188575 -0.0413789 0.0033709 -0.0106630 -0.0194764 0.0004205 0.0045836 0.0091240 -0.0208781 -0.0130578 -0.0099036 0.0263402 -0.0027819 0.0395842 0.0298864 0.0288486 0.0098556 0.0077432 0.0115536 -0.0057150 0.0183842 0.0018096 0.0208382 -0.0063218 -0.0282303 -0.0168839 -0.0043440 -0.0026248 -0.0077954 -0.0147548 -0.0357772 -0.0145630 -0.0738766 -0.0832590 -0.0028938 -0.0159477 0.0024291 -0.0376220 -0.0135880 -0.1416457 -0.0171846 -0.0513746 -0.0305576 -0.0302076 -0.0044352 -0.0891533 -0.0202041 -0.1077717
0.0180713 0.0203946 0.0230186 0.0220775 0.0233373 0.0228410 0.0222907 0.0207880 0.0204015 0.0171392 0.0159356 0.0175765 0.0231640 0.0160047 0.0238984 0.0246608 -0.0731860 -0.0572660 -0.0501102 -0.0659753 -0.0637332 -0.0542848 -0.0680575 -0.0630403 0.0359213 0.0713208 0.8604954 0.0306878 0.0372582 0.0447426 0.0409867 0.0423277 0.0327452 0.0246442 0.0181548 0.0312856 0.0286876 0.0247676 0.0256645 0.0336484 0.0071011 0.0159074 0.0258233 0.0104688 0.0107627 0.0222479 0.0157481 0.0182807 -0.0489059 -0.0021741 -0.0223143 -0.0175577 -0.0112531 -0.0075721 -0.0030405 -0.0238086 -0.0181937 -0.0094773 0.0223415 0.0012516 0.0293561 0.0242728 0.0235789 0.0169364 0.0116548 0.0058656 -0.0032881 0.0173745 0.0010497 0.0250405 0.0006360 -0.0295983 -0.0312649 -0.0072300 -0.0051568 -0.0047476 -0.0210155 -0.0380951 -0.0192020 -0.0923377 -0.0970526 -0.0069522 -0.0159475 -0.0047333 -0.0400859 -0.0231022 -0.1369884 -0.0237460 -0.0518578 -0.0393929 -0.0405520 -0.0100765 -0.0958812 -0.0164101 -0.1124994
0.0039503 0.0064438 0.0108948 0.0118130 0.0068800 0.0079153 0.0093428 0.0075204 0.0083996 0.0087380 0.0068985 0.0054871 0.0080646 0.0077622 0.0097935 0.0102866 -0.0622539 -0.0581964 -0.0573627 -0.0665496 -0.0733189 -0.0510104 -0.0701594 -0.0557790 0.0516348 0.0238624 0.0306878 0.8755229 0.0710780 0.0519845 0.0473676 0.0612574 0.0216454 0.0235173 0.0142700 0.0339325 0.0277093 0.0257196 0.0244633 0.0170072 0.0163812 0.0200879 0.0284475 0.0080917 0.0080696 0.0331164 0.0292506 0.0252962 -0.0467294 -0.0073639 -0.0042305 -0.0141786 -0.0009009 0.0098411 0.0010048 -0.0246003 -0.0082687 -0.0130429 0.0264537 -0.0089215 0.0311212 0.0289876 0.0288731 0.0122508 0.0080223 0.0088353 -0.0100194 0.0253557 0.0057000 0.0243218 -0.0060424 -0.0186363 -0.0101349 -0.0117169 -0.0077405 -0.0037242 -0.0187004 -0.0358935 -0.0220644 -0.0778097 -0.0809366 -0.0076477 -0.0111620 -0.0031436 -0.0418965 -0.0194545 -0.1225476 -0.0182978 -0.0578268 -0.0331159 -0.0328182 -0.0173848 -0.0951198 -0.0188979 -0.1050998
0.0071247 0.0092456 0.0089270 0.0113941 0.0080791 0.0109237 0.0089162 0.0071952 0.0079449 0.0065769 0.0073564 0.0044475 0.0089567 0.0083387 0.0117153 0.0140901 -0.0816553 -0.0611421 -0.0642921 -0.0781501 -0.0835921 -0.0680365 -0.0776373 -0.0701921 0.0664481 0.0438513 0.0372582 0.0710780 0.8737374 0.0651399 0.0568444 0.0738498 0.0299719 0.0269683 0.0190083 0.0337254 0.0246894 0.0309155 0.0290932 0.0266465 0.0094240 0.0089065 0.0276302 0.0079271 0.0069629 0.0256948 0.0138014 0.0255584 -0.0305871 -0.0052313 -0.0090599 -0.0312786 -0.0010465 0.0057000 0.0006209 -0.0199627 -0.0110684 -0.0042761 0.0294566 -0.0052439 0.0415589 0.0363143 0.0359707 0.0197078 0.0090542 0.0159957 -0.0015322 0.0233346 0.0042471 0.0268108 -0.0009258 -0.0223215 -0.0211354 -0.0072353 -0.0065245 -0.0045542 -0.0173862 -0.0360167 -0.0148972 -0.0816213 -0.0854330 -0.0024328 -0.0180825 0.0004792 -0.0452566 -0.0282772 -0.1380052 -0.0260519 -0.0507273 -0.0279998 -0.0276180 -0.0122045 -0.1006204 -0.0190831 -0.1124723
0.0022230 0.0051789 0.0079769 0.0069957 0.0046722 0.0077569 0.0088686 0.0037638 0.0038763 0.0007434 -0.0010510 -0.0019792 0.0031857 -0.0007560 0.0087713 0.0093017 -0.0901403 -0.0786354 -0.0793542 -0.0907663 -0.1018972 -0.0820822 -0.0924472 -0.0836674 0.0808375 0.0352557 0.0447426 0.0519845 0.0651399 0.8699055 0.0848258 0.0631933 0.0317933 0.0306920 0.0258666 0.0405533 0.0339683 0.0449928 0.0287202 0.0392452 0.0076156 0.0229807 0.0413987 0.0141012 0.0163865 0.0314709 0.0234167 0.0443691 -0.0469279 -0.0050344 -0.0164508 -0.0178010 -0.0017167 0.0008951 0.0122016 -0.0209784 -0.0154635 -0.0101243 0.0325460 -0.0060543 0.0487968 0.0447218 0.0454637 0.0241172 0.0112900 0.0178882 0.0038112 0.0440912 0.0174710 0.0370133 0.0050716 -0.0271313 -0.0173295 -0.0130712 -0.0127996 0.0108953 -0.0223972 -0.0344181 -0.0173545 -0.0918493 -0.0958221 0.0026931 -0.0093350 -0.0006278 -0.0426264 -0.0173026 -0.1534602 -0.0177367 -0.0563947 -0.0279053 -0.0281680 -0.0078221 -0.1074399 -0.0149391 -0.1264727
0.0158214 0.0166950 0.0200545 0.0182005 0.0191472 0.0149984 0.0186984 0.0165482 0.0139072 0.0106024 0.0112065 0.0098160 0.0140441 0.0088707 0.0194891 0.0206866 -0.0988410 -0.0797286 -0.0764149 -0.0960603 -0.0939339 -0.0796516 -0.0863146 -0.0835863 0.0812295 0.0431103 0.0409867 0.0473676 0.0568444 0.0848258 0.8582779 0.0611724 0.0421409 0.0330472 0.0257836 0.0479407 0.0382084 0.0434440 0.0383574 0.0409122 0.0141002 0.0208836 0.0418441 0.0122386 0.0163607 0.0411248 0.0215007 0.0389299 -0.0608561 0.0033739 -0.0149546 -0.0132403 -0.0035826 0.0008518 0.0095109 -0.0184112 -0.0228031 -0.0155554 0.0447632 -0.0070479 0.0408835 0.0366977 0.0374372 0.0126442 0.0130214 0.0169679 0.0001936 0.0385829 0.0112750 0.0424090 -0.0012461 -0.0352833 -0.0244327 -0.0052308 -0.0033885 -0.0028643 -0.0215604 -0.0426476 -0.0226528 -0.1023667 -0.1124039 -0.0073619 -0.0160221 0.0026439 -0.0555880 -0.0262422 -0.1654320 -0.0215609 -0.0632351 -0.0328641 -0.0337350 -0.0090929 -0.1247921 -0.0087576 -0.1425703
0.0044710 0.0086510 0.0067296 0.0085970 0.0065294 0.0059258 0.0077975 0.0067028 0.0061262 0.0035824 -0.0007022 0.0009449 0.0052449 0.0015364 0.0063033 0.0132243 -0.0920645 -0.0737564 -0.0735983 -0.0856427 -0.0947912 -0.0728648 -0.0828639 -0.0713771 0.0591286 0.0354805 0.0423277 0.0612574 0.0738498 0.0631933 0.0611724 0.8707169 0.0381779 0.0275462 0.0161349 0.0420771 0.0308032 0.0316231 0.0339634 0.0268326 0.0043783 0.0187195 0.0293291 0.0098978 0.0096193 0.0324177 0.0215071 0.0287889 -0.0458458 0.0011820 -0.0151967 -0.0126375 -0.0082710 0.0080737 0.0080062 -0.0136095 -0.0130264 -0.0031560 0.0264601 0.0025020 0.0408152 0.0447340 0.0439949 0.0131803 0.0095386 0.0143216 0.0097955 0.0286185 0.0137889 0.0301825 0.0125626 -0.0219997 -0.0177580 -0.0139628 -0.0106106 0.0069794 -0.0138482 -0.0337684 -0.0203514 -0.0802073 -0.0873117 -0.0024488 -0.0173518 -0.0012107 -0.0412992 -0.0220197 -0.1337029 -0.0241064 -0.0465149 -0.0383714 -0.0386118 -0.0110746 -0.0940916 -0.0042561 -0.1133104
0.0131058 0.0123904 0.0165486 0.0164349 0.0140517 0.0179144 0.0170475 0.0168416 0.0140918 0.0128035 0.0096822 0.0107948 0.0167669 0.0083878 0.0170038 0.0248390 -0.0905386 -0.0709825 -0.0707052 -0.0830306 -0.0940059 -0.0725803 -0.0825528 -0.0790070 0.0393140 0.0372636 0.0327452 0.0216454 0.0299719 0.0317933 0.0421409 0.0381779 0.8537917 0.0289699 0.0307949 0.0517988 0.0294212 0.0448833 0.0443544 0.0463905 0.0086851 0.0242844 0.0379090 0.0148845 0.0160365 0.0250256 0.0159877 0.0369831 -0.0486290 0.0107854 -0.0116800 -0.0215574 -0.0037052 0.0010421 0.0060105 -0.0165827 -0.0151836 -0.0122158 0.0387201 -0.0075858 0.0378922 0.0349407 0.0343916 0.0175245 0.0139022 0.0187391 0.0055517 0.0355520 0.0097019 0.0296424 -0.0006525 -0.0271300 -0.0268185 -0.0015204 -0.0050846 -0.0024987 -0.0162349 -0.0359746 -0.0193466 -0.0887108 -0.0941783 -0.0060389 -0.0159590 -0.0019005 -0.0443860 -0.0148255 -0.1563666 -0.0152209 -0.0528281 -0.0321681 -0.0328060 -0.0090186 -0.1134333 -0.0228907 -0.1171974
0.0140277 0.0155227 0.0166025 0.0156936 0.0161089 0.0158187 0.0171560 0.0162340 0.0145443 0.0132869 0.0120364 0.0126640 0.0150425 0.0131630 0.0156756 0.0157681 -0.0524600 -0.0429935 -0.0422823 -0.0507078 -0.0551092 -0.0424071 -0.0498210 -0.0457684 0.0267058 0.0248919 0.0246442 0.0235173 0.0269683 0.0306920 0.0330472 0.0275462 0.0289699 0.9466711 0.0187723 0.0292751 0.0231487 0.0246043 0.0248386 0.0252779 0.0097800 0.0165560 0.0250844 0.0093661 0.0113483 0.0219101 0.0159864 0.0268729 -0.0300916 0.0039937 -0.0041847 -0.0110176 0.0005022 0.0024713 0.0059324 -0.0101635 -0.0071222 -0.0049073 0.0272109 0.0000320 0.0307746 0.0291902 0.0287967 0.0121516 0.0112383 0.0137653 0.0037963 0.0272001 0.0084184 0.0214416 0.0025952 -0.0160354 -0.0128308 -0.0007717 -0.0004552 0.0010514 -0.0082508 -0.0213208 -0.0081951 -0.0617059 -0.0644727 -0.0018166 -0.0079216 0.0032815 -0.0272783 -0.0125198 -0.0987671 -0.0099615 -0.0343976 -0.0157449 -0.0164996 -0.0030257 -0.0689869 -0.0086499 -0.0808835
0.0011639 0.0011665 0.0040935 0.0037857 -0.0016167 -0.0026538 0.0019579 -0.0003906 -0.0037438 -0.0013846 -0.0041994 -0.0000779 -0.0036064 -0.0021325 0.0068136 0.0064756 -0.0496129 -0.0546053 -0.0577199 -0.0615291 -0.0661998 -0.0540026 -0.0608799 -0.0613555 0.0227644 0.0169488 0.0181548 0.0142700 0.0190083 0.0258666 0.0257836 0.0161349 0.0307949 0.0187723 0.8827124 0.0310765 0.0255095 0.0248043 0.0154766 0.0240764 -0.0009706 0.0088027 0.0258024 -0.0039498 0.0048793 0.0126555 0.0076406 0.0211506 -0.0276554 -0.0003975 -0.0034083 -0.0159275 -0.0012783 0.0025770 0.0030483 -0.0123054 0.0019486 0.0011398 0.0239310 0.0020539 0.0231816 0.0203950 0.0194946 0.0122580 0.0076156 0.0147864 0.0014444 0.0209382 0.0053035 0.0234638 0.0053495 -0.0132509 -0.0155170 -0.0047962 -0.0040798 -0.0007241 -0.0034051 -0.0170293 -0.0028792 -0.0577510 -0.0592868 0.0006634 0.0031212 0.0075206 -0.0222920 -0.0125109 -0.0954242 -0.0129164 -0.0236799 -0.0191629 -0.0198049 -0.0011773 -0.0723864 -0.0030137 -0.0744162
0.0181130 0.0192778 0.0242609 0.0194878 0.0226804 0.0199022 0.0227337 0.0227765 0.0190651 0.0194211 0.0183360 0.0205565 0.0202964 0.0185964 0.0188072 0.0243939 -0.0850207 -0.0719498 -0.0623552 -0.0764538 -0.0877091 -0.0657363 -0.0837926 -0.0717127 0.0402167 0.0385486 0.0312856 0.0339325 0.0337254 0.0405533 0.0479407 0.0420771 0.0517988 0.0292751 0.0310765 0.8621062 0.0406310 0.0385633 0.0424286 0.0404899 0.0102897 0.0207307 0.0371997 0.0121424 0.0132800 0.0305278 0.0218194 0.0261568 -0.0456829 0.0046749 -0.0120795 -0.0225354 -0.0004950 0.0000047 0.0003466 -0.0079167 -0.0189512 -0.0151112 0.0389998 -0.0070250 0.0395432 0.0383714 0.0376354 0.0143146 0.0176522 0.0216988 -0.0001919 0.0285817 0.0063986 0.0355309 -0.0014892 -0.0255883 -0.0226239 -0.0084680 -0.0047418 -0.0028191 -0.0185428 -0.0377708 -0.0215111 -0.1028663 -0.1051307 -0.0057756 -0.0133686 -0.0045106 -0.0465538 -0.0287719 -0.1564024 -0.0207389 -0.0622708 -0.0369088 -0.0379695 -0.0120963 -0.1157479 -0.0212117 -0.1335045
0.0093284 0.0088681 0.0144321 0.0112971 0.0092345 0.0055383 0.0068923 0.0082664 0.0073865 0.0032126 0.0064494 0.0066872 0.0089080 0.0082765 0.0097320 0.0097327 -0.0636518 -0.0548286 -0.0584922 -0.0557200 -0.0792002 -0.0583475 -0.0701514 -0.0575207 0.0281498 0.0223086 0.0286876 0.0277093 0.0246894 0.0339683 0.0382084 0.0308032 0.0294212 0.0231487 0.0255095 0.0406310 0.8682246 0.0299893 0.0354786 0.0293798 -0.0001330 0.0098429 0.0286477 0.0021461 0.0122427 0.0199224 0.0099143 0.0224803 -0.0366002 -0.0009949 -0.0090681 -0.0107043 -0.0041225 0.0004357 0.0097121 -0.0234520 -0.0123212 -0.0088885 0.0328362 0.0009262 0.0281679 0.0254694 0.0262957 0.0085382 0.0172080 0.0097547 0.0016049 0.0229321 0.0086352 0.0325761 -0.0015984 -0.0181373 -0.0163447 -0.0033737 -0.0006283 0.0004591 -0.0101250 -0.0300592 -0.0196950 -0.0909868 -0.0927598 -0.0067286 -0.0168947 0.0012821 -0.0312600 -0.0233921 -0.1226256 -0.0069100 -0.0388770 -0.0260642 -0.0268176 -0.0055703 -0.0920675 -0.0108024 -0.1035802
0.0087028 0.0125699 0.0087305 0.0148998 0.0098545 0.0060987 0.0103232 0.0101665 0.0072279 0.0056642 0.0049158 0.0028081 0.0107693 0.0053724 0.0149877 0.0147352 -0.0705886 -0.0629412 -0.0639515 -0.0746892 -0.0763557 -0.0593176 -0.0736403 -0.0614460 0.0291876 0.0257726 0.0247676 0.0257196 0.0309155 0.0449928 0.0434440 0.0316231 0.0448833 0.0246043 0.0248043 0.0385633 0.0299893 0.8754971 0.0331347 0.0419838 0.0050867 0.0202631 0.0397634 0.0096585 0.0087913 0.0232460 0.0200120 0.0283205 -0.0406606 0.0045214 -0.0053113 -0.0097667 -0.0015184 -0.0032817 0.0113238 -0.0139855 -0.0130347 -0.0021623 0.0298717 -0.0100025 0.0324118 0.0301465 0.0304343 0.0132444 0.0104140 0.0177772 0.0055261 0.0268562 0.0147473 0.0327493 0.0009937 -0.0270693 -0.0186106 -0.0026274 -0.0029959 -0.0022122 -0.0151614 -0.0221575 -0.0123180 -0.0830846 -0.0954404 -0.0018822 -0.0162518 0.0069292 -0.0322823 -0.0250790 -0.1299677 -0.0145708 -0.0426891 -0.0166013 -0.0192989 -0.0100193 -0.0993621 -0.0123557 -0.1114347
0.0165381 0.0197663 0.0188583 0.0194281 0.0213796 0.0137066 0.0197473 0.0193785 0.0142246 0.0166391 0.0146195 0.0145179 0.0204735 0.0146581 0.0180442 0.0196043 -0.0720495 -0.0595645 -0.0602603 -0.0682582 -0.0748338 -0.0637507 -0.0733880 -0.0611446 0.0251578 0.0274782 0.0256645 0.0244633 0.0290932 0.0287202 0.0383574 0.0339634 0.0443544 0.0248386 0.0154766 0.0424286 0.0354786 0.0331347 0.8589037 0.0343506 0.0050648 0.0126028 0.0263441 0.0124567 0.0068719 0.0308987 0.0172825 0.0266241 -0.0509498 0.0050911 -0.0124289 -0.0082192 -0.0068178 0.0001763 0.0122483 -0.0133792 -0.0100178 -0.0186027 0.0260409 -0.0146527 0.0321849 0.0260229 0.0255400 0.0139821 0.0119331 0.0140968 -0.0047350 0.0265424 0.0007955 0.0208960 -0.0060963 -0.0298223 -0.0253690 -0.0061562 -0.0050449 -0.0060270 -0.0047382 -0.0349580 -0.0140650 -0.0798069 -0.0880394 -0.0126542 -0.0208152 0.0024534 -0.0465680 -0.0210278 -0.1422134 -0.0197924 -0.0573843 -0.0274554 -0.0282362 -0.0080274 -0.1025371 -0.0249398 -0.1082132
