0.0014683 0.7414879 0.2570438
0.0000994 0.7538989 0.2460017
0.0000991 0.7764609 0.2234400
0.0000995 0.7112453 0.2886553
0.0000991 0.7980094 0.2018915
0.0000992 0.7899259 0.2099749
0.0000989 0.7975894 0.2023117
0.0000990 0.8108149 0.1890861
0.0000994 0.8174630 0.1824376
0.0000996 0.8148711 0.1850293
0.0000998 0.8311667 0.1687335
0.0000996 0.8501368 0.1497636
0.0000992 0.8113640 0.1885368
0.0000996 0.8151951 0.1847053
0.0000997 0.7011906 0.2987097
0.0000995 0.7155879 0.2843127
0.5536937 0.4462067 0.0000996
0.4654078 0.5344927 0.0000996
0.4446931 0.5552073 0.0000996
0.4883786 0.5115218 0.0000996
0.5322223 0.4676781 0.0000996
0.4247334 0.5751670 0.0000996
0.4920134 0.5078870 0.0000996
0.4879877 0.5119127 0.0000996
0.0000994 0.2621370 0.7377636
0.0067084 0.2401301 0.7531615
0.0000998 0.2772519 0.7226483
0.0107426 0.2259236 0.7633338
0.0000997 0.2094789 0.7904214
0.0000991 0.1575611 0.8423398
0.0000984 0.1931374 0.8067641
0.0000995 0.1853742 0.8145263
0.0000992 0.2153809 0.7845200
0.0635903 0.2591185 0.6772912
0.0609079 0.1971338 0.7419583
0.0000990 0.2415190 0.7583820
0.0108896 0.2265801 0.7625303
0.0076145 0.2188968 0.7734887
0.0000998 0.2589056 0.7409945
0.0011540 0.2390109 0.7598352
0.1157701 0.3054771 0.5787528
0.0740919 0.2060204 0.7198877
0.0182106 0.1482052 0.8335842
0.1208987 0.2532766 0.6258247
0.0938723 0.3207208 0.5854069
0.0217931 0.2512042 0.7270027
0.0807294 0.2087489 0.7105217
0.0211928 0.0296364 0.9491708
0.4626844 0.0763416 0.4609740
0.1821501 0.1726878 0.6451621
0.2589246 0.1337705 0.6073049
0.3001202 0.1542873 0.5455925
0.2234007 0.0985324 0.6780670
0.1868654 0.1976457 0.6154889
0.1774304 0.0885396 0.7340299
0.3005565 0.1339506 0.5654930
0.2945671 0.0403049 0.6651279
0.2584552 0.1051199 0.6364249
0.0134272 0.0666770 0.9198958
0.2128967 0.1217307 0.6653726
0.0000998 0.0601739 0.9397263
0.0073144 0.0036363 0.9890493
0.0120055 0.0020086 0.9859859
0.1242391 0.1222699 0.7534910
0.1476522 0.0480947 0.8042531
0.1075074 0.1401170 0.7523755
0.2068632 0.0290969 0.7640399
0.0187844 0.0343108 0.9469048
0.1725581 0.0001001 0.8273418
0.0344705 0.1965602 0.7689694
0.2154019 0.0414231 0.7431750
0.3616275 0.0605753 0.5777972
0.3335442 0.0706596 0.5957962
0.2171291 0.1976087 0.5852623
0.2313178 0.1102809 0.6584013
0.2130961 0.1465451 0.6403589
0.2856959 0.1243691 0.5899349
0.4037251 0.0420763 0.5541986
0.2876209 0.1335116 0.5788676
0.7286338 0.0001002 0.2712660
0.7459106 0.0001004 0.2539889
0.2578875 0.0261756 0.7159370
0.2993625 0.0755213 0.6251162
0.2044239 0.0950943 0.7004818
0.4604470 0.0001001 0.5394529
0.3380134 0.0377108 0.6242757
0.9804411 0.0001002 0.0194587
0.3239381 0.0402960 0.6357659
0.5140616 0.0001000 0.4858384
0.3731127 0.0001006 0.6267867
0.3794325 0.0001006 0.6204668
0.2606219 0.0770101 0.6623679
0.7630174 0.0494023 0.1875803
0.3069186 0.0284615 0.6646199
0.8552252 0.0001003 0.1446745
