0.8767207 0.1779511 0.1443901 0.1652516 0.1497230 0.1434434 0.1475015 0.1529016 0.1468301 0.1437145 0.1449399 0.1520168 0.1422440 0.1408052 0.1344467 0.1366699 0.0301381 0.0526985 0.0550711 0.0511279 0.0458755 0.0710668 0.0495226 0.0538559 0.0673332 0.0641969 0.0678298 0.0526170 0.0565099 0.0531089 0.0648069 0.0499985 0.0668206 0.0572124 0.0520461 0.0689963 0.0609146 0.0602369 0.0685885 0.0629892 0.0523070 0.0447795 0.0492348 0.0479114 0.0638250 0.0581652 0.0479803 0.0366085 -0.0148066 0.0356854 0.0197516 0.0065818 0.0172848 0.0299408 0.0190528 0.0076772 -0.0021397 0.0076991 0.0396841 0.0210325 0.0407783 0.0254032 0.0242205 0.0392916 0.0165010 0.0319339 0.0059381 0.0375706 0.0013289 0.0511501 0.0090471 -0.0103948 -0.0026056 0.0337074 0.0179074 0.0189503 0.0119098 -0.0104907 0.0118454 -0.0727860 -0.0829079 -0.0010887 0.0034301 0.0179354 -0.0339337 -0.0082202 -0.1233158 -0.0006111 -0.0369156 -0.0151087 -0.0154546 0.0112848 -0.0683161 -0.0048699 -0.1041187 -0.2737036 -0.2766668 -0.2758051 -0.2736026 -0.2733070 -0.2724894 -0.2729810 -0.2740423 -0.2754311 -0.2770073 -0.2792905 -0.2780463 -0.2780527 -0.2789494 -0.2792727 -0.2781215 -0.2817833 -0.2776646
0.1779511 0.8837969 0.1470405 0.1746799 0.1513930 0.1498587 0.1523419 0.1547959 0.1492876 0.1474918 0.1505850 0.1536108 0.1505762 0.1456552 0.1372430 0.1413839 0.0267815 0.0562875 0.0596183 0.0538564 0.0421940 0.0697297 0.0518004 0.0487197 0.0690373 0.0660059 0.0714299 0.0562369 0.0599761 0.0565693 0.0672782 0.0555053 0.0666580 0.0590526 0.0526544 0.0710851 0.0619052 0.0640444 0.0721395 0.0668072 0.0560878 0.0471271 0.0503291 0.0521055 0.0651252 0.0610193 0.0456262 0.0332906 -0.0157717 0.0403527 0.0199307 0.0065641 0.0180238 0.0295852 0.0201413 0.0075173 -0.0039854 0.0097685 0.0426265 0.0234672 0.0417952 0.0304815 0.0295532 0.0396263 0.0199817 0.0335215 0.0099675 0.0349275 0.0014518 0.0528125 0.0097457 -0.0101459 -0.0022024 0.0334038 0.0189613 0.0249414 0.0102988 -0.0125672 0.0144159 -0.0769173 -0.0844442 -0.0004106 0.0034903 0.0166411 -0.0377827 -0.0064395 -0.1258576 0.0023180 -0.0387773 -0.0201442 -0.0216089 0.0125514 -0.0710104 -0.0010902 -0.1054306 -0.2821280 -0.2860555 -0.2838520 -0.2817131 -0.2822680 -0.2822629 -0.2812992 -0.2856849 -0.2848975 -0.2864896 -0.2862359 -0.2886887 -0.2865256 -0.2877452 -0.2870336 -0.2872772 -0.2910323 -0.2869751
0.1443901 0.1470405 0.8788055 0.1438480 0.1893070 0.1825376 0.2004989 0.1902132 0.1533836 0.1522779 0.1535945 0.1564107 0.1528141 0.1498821 0.1421207 0.1442591 0.0347407 0.0553386 0.0645843 0.0519752 0.0473168 0.0726293 0.0542903 0.0526241 0.0675765 0.0648465 0.0727014 0.0595981 0.0586395 0.0576926 0.0695208 0.0533729 0.0688643 0.0593649 0.0548383 0.0744354 0.0658110 0.0608693 0.0711919 0.0689339 0.0602271 0.0499245 0.0483774 0.0496661 0.0684539 0.0651526 0.0482234 0.0317767 -0.0193457 0.0344311 0.0222347 0.0055103 0.0177703 0.0300669 0.0193890 0.0075369 -0.0018677 0.0070119 0.0362018 0.0209744 0.0381503 0.0236326 0.0238045 0.0337650 0.0140418 0.0278078 0.0066070 0.0329448 0.0003866 0.0491999 0.0084140 -0.0095303 -0.0033110 0.0347224 0.0204160 0.0208026 0.0091931 -0.0150155 0.0128997 -0.0799104 -0.0908627 -0.0005581 0.0055008 0.0156824 -0.0381520 -0.0066481 -0.1248816 -0.0068605 -0.0412697 -0.0221633 -0.0230350 0.0102171 -0.0732049 -0.0041249 -0.1101887 -0.2846861 -0.2887747 -0.2875061 -0.2832973 -0.2833254 -0.2827416 -0.2844455 -0.2851653 -0.2875454 -0.2890828 -0.2898010 -0.2906844 -0.2894917 -0.2897700 -0.2906630 -0.2898643 -0.2937992 -0.2910121
0.1652516 0.1746799 0.1438480 0.8849229 0.1446529 0.1438819 0.1438775 0.1499142 0.1450175 0.1395899 0.1452836 0.1461641 0.1396412 0.1405462 0.1330282 0.1361608 0.0296363 0.0526999 0.0574100 0.0492709 0.0405264 0.0674944 0.0501697 0.0513390 0.0682628 0.0633519 0.0699387 0.0583951 0.0589320 0.0553640 0.0655617 0.0527262 0.0679306 0.0579877 0.0537279 0.0684730 0.0619983 0.0643704 0.0697120 0.0658285 0.0551867 0.0477767 0.0545720 0.0520009 0.0669263 0.0602390 0.0463349 0.0369124 -0.0139477 0.0386930 0.0245270 0.0054759 0.0190199 0.0300666 0.0231380 0.0075432 -0.0003945 0.0113965 0.0418493 0.0249713 0.0398185 0.0280289 0.0279499 0.0405814 0.0213428 0.0296756 0.0061895 0.0391216 0.0014783 0.0534597 0.0097495 -0.0071717 -0.0026922 0.0344136 0.0212690 0.0211639 0.0111060 -0.0092510 0.0139478 -0.0743285 -0.0829758 0.0004169 0.0080713 0.0197485 -0.0358037 -0.0076781 -0.1246555 0.0005568 -0.0379590 -0.0134844 -0.0133345 0.0147868 -0.0698236 -0.0024564 -0.1022398 -0.2765883 -0.2794200 -0.2770067 -0.2747460 -0.2763965 -0.2746309 -0.2755333 -0.2776698 -0.2783502 -0.2810791 -0.2807684 -0.2814825 -0.2811292 -0.2808868 -0.2807694 -0.2798654 -0.2847911 -0.2793635
0.1497230 0.1513930 0.1893070 0.1446529 0.8918026 0.1974369 0.2027098 0.2000631 0.1560679 0.1541897 0.1566509 0.1605041 0.1548864 0.1527667 0.1419786 0.1474494 0.0337887 0.0622943 0.0654133 0.0602030 0.0518589 0.0793577 0.0612806 0.0585306 0.0684522 0.0628726 0.0708803 0.0552173 0.0567222 0.0532694 0.0667572 0.0508863 0.0663290 0.0585852 0.0491122 0.0714278 0.0608030 0.0610619 0.0720702 0.0644984 0.0610459 0.0473458 0.0462067 0.0498229 0.0674191 0.0599122 0.0474184 0.0280307 -0.0178795 0.0353169 0.0190634 0.0073619 0.0147877 0.0290741 0.0159107 0.0046450 -0.0051951 0.0063507 0.0365715 0.0152113 0.0387734 0.0279563 0.0246592 0.0343073 0.0165013 0.0281960 0.0025937 0.0288741 -0.0038506 0.0525448 0.0038441 -0.0148917 -0.0074500 0.0335280 0.0188354 0.0204034 0.0070885 -0.0166190 0.0113581 -0.0821540 -0.0944064 -0.0042943 -0.0002358 0.0133996 -0.0397575 -0.0089088 -0.1255195 -0.0068189 -0.0414205 -0.0208225 -0.0214287 0.0093978 -0.0728499 -0.0111222 -0.1072337 -0.2829639 -0.2849876 -0.2833429 -0.2800294 -0.2810385 -0.2800667 -0.2812012 -0.2817959 -0.2823374 -0.2847019 -0.2871976 -0.2870240 -0.2862654 -0.2871594 -0.2863648 -0.2860319 -0.2911097 -0.2857634
0.1434434 0.1498587 0.1825376 0.1438819 0.1974369 0.8860971 0.1952538 0.1932875 0.1536337 0.1520947 0.1541299 0.1597949 0.1511688 0.1501860 0.1411736 0.1462458 0.0353276 0.0566582 0.0633822 0.0534232 0.0477627 0.0713456 0.0552958 0.0535417 0.0720798 0.0671071 0.0728045 0.0579728 0.0611106 0.0590240 0.0655821 0.0536490 0.0699969 0.0578622 0.0498891 0.0703568 0.0588618 0.0573801 0.0660954 0.0655742 0.0603714 0.0485857 0.0498145 0.0496805 0.0676754 0.0619183 0.0492384 0.0246601 -0.0179980 0.0321577 0.0147163 0.0093075 0.0128599 0.0313520 0.0166959 0.0084748 -0.0080632 0.0054688 0.0323437 0.0172890 0.0359491 0.0210242 0.0199149 0.0355288 0.0155450 0.0329776 0.0062228 0.0258247 0.0040922 0.0530752 0.0061593 -0.0108846 -0.0057469 0.0325749 0.0176833 0.0208917 0.0097742 -0.0196718 0.0124191 -0.0781373 -0.0907777 0.0002704 0.0059396 0.0159861 -0.0381221 -0.0035821 -0.1236515 -0.0070228 -0.0400923 -0.0344521 -0.0361490 0.0096950 -0.0695937 -0.0079873 -0.1059513 -0.2820805 -0.2839343 -0.2840048 -0.2802567 -0.2805143 -0.2796544 -0.2811806 -0.2831109 -0.2820422 -0.2868867 -0.2860089 -0.2864353 -0.2873513 -0.2878779 -0.2859178 -0.2852261 -0.2889601 -0.2876360
0.1475015 0.1523419 0.2004989 0.1438775 0.2027098 0.1952538 0.8845717 0.2068964 0.1562390 0.1553250 0.1576283 0.1626063 0.1540973 0.1558286 0.1413619 0.1487756 0.0313461 0.0579992 0.0654665 0.0579349 0.0482071 0.0732373 0.0566499 0.0506544 0.0704101 0.0662774 0.0727777 0.0589755 0.0595661 0.0592644 0.0679774 0.0544671 0.0706882 0.0607705 0.0545488 0.0736177 0.0606873 0.0629779 0.0725776 0.0713705 0.0606001 0.0468048 0.0500525 0.0513292 0.0671493 0.0606873 0.0483537 0.0300220 -0.0167424 0.0355158 0.0195474 0.0062271 0.0153328 0.0311216 0.0160402 0.0080814 -0.0028442 0.0056361 0.0335001 0.0134052 0.0341201 0.0235069 0.0207937 0.0383452 0.0200099 0.0339115 0.0089047 0.0319317 0.0015206 0.0554388 0.0075270 -0.0117803 -0.0054552 0.0346812 0.0201302 0.0216979 0.0086098 -0.0146559 0.0120827 -0.0799225 -0.0912330 -0.0016240 0.0057707 0.0136231 -0.0377755 -0.0059836 -0.1301160 -0.0067201 -0.0405684 -0.0195687 -0.0209352 0.0098875 -0.0747333 -0.0087094 -0.1113511 -0.2910337 -0.2950162 -0.2927104 -0.2909550 -0.2909198 -0.2884003 -0.2918127 -0.2930259 -0.2927045 -0.2959012 -0.2958626 -0.2979698 -0.2953408 -0.2973951 -0.2963579 -0.2969224 -0.2972273 -0.2963902
0.1529016 0.1547959 0.1902132 0.1499142 0.2000631 0.1932875 0.2068964 0.8924391 0.1609468 0.1561617 0.1607014 0.1676091 0.1561451 0.1577073 0.1463494 0.1492434 0.0356567 0.0589981 0.0701417 0.0590441 0.0518446 0.0786029 0.0596240 0.0532519 0.0705757 0.0669303 0.0718610 0.0574826 0.0586479 0.0557474 0.0672769 0.0537454 0.0705206 0.0601799 0.0523935 0.0733988 0.0619513 0.0626148 0.0718484 0.0683228 0.0615110 0.0464525 0.0498433 0.0525485 0.0660417 0.0630186 0.0471071 0.0289501 -0.0174144 0.0353808 0.0157130 0.0103813 0.0131447 0.0319236 0.0188196 0.0071544 -0.0052152 0.0024280 0.0287502 0.0161970 0.0325693 0.0178963 0.0160180 0.0340251 0.0164790 0.0332125 0.0061763 0.0295520 0.0029513 0.0527176 0.0078268 -0.0105538 -0.0057671 0.0363280 0.0178187 0.0211819 0.0087535 -0.0170358 0.0118403 -0.0798592 -0.0914459 -0.0033128 0.0056959 0.0145658 -0.0350860 -0.0072729 -0.1275606 -0.0031129 -0.0412178 -0.0231346 -0.0244674 0.0109433 -0.0728750 -0.0052688 -0.1077623 -0.2892048 -0.2921442 -0.2901321 -0.2871191 -0.2884384 -0.2872146 -0.2887035 -0.2905887 -0.2911542 -0.2930571 -0.2944757 -0.2936926 -0.2942267 -0.2942888 -0.2943852 -0.2933224 -0.2974280 -0.2937648
0.1468301 0.1492876 0.1533836 0.1450175 0.1560679 0.1536337 0.1562390 0.1609468 0.8927984 0.1877200 0.1968627 0.1939698 0.1907018 0.1851067 0.1486853 0.1539064 0.0363892 0.0609516 0.0662381 0.0609475 0.0505702 0.0742522 0.0609190 0.0563730 0.0717933 0.0631951 0.0713836 0.0593353 0.0594547 0.0572629 0.0662017 0.0561003 0.0680354 0.0583016 0.0503339 0.0709571 0.0604630 0.0601152 0.0675867 0.0655300 0.0600227 0.0428165 0.0460393 0.0557939 0.0699539 0.0625197 0.0518345 0.0261718 -0.0179952 0.0333033 0.0186219 0.0035845 0.0099491 0.0316495 0.0225468 0.0081828 -0.0071865 0.0080729 0.0288569 0.0174255 0.0301580 0.0170251 0.0167073 0.0323008 0.0140929 0.0352119 0.0085031 0.0275120 0.0031521 0.0540138 0.0091653 -0.0091046 -0.0006612 0.0317187 0.0159650 0.0192356 0.0038976 -0.0177282 0.0118449 -0.0781800 -0.0853541 0.0003532 0.0001303 0.0168011 -0.0390167 -0.0087587 -0.1204594 -0.0031007 -0.0414116 -0.0394965 -0.0395250 0.0112991 -0.0724787 -0.0044372 -0.1088182 -0.2850856 -0.2872941 -0.2846080 -0.2823101 -0.2825091 -0.2825486 -0.2839083 -0.2853504 -0.2860905 -0.2875975 -0.2893333 -0.2877744 -0.2887679 -0.2894001 -0.2879843 -0.2894827 -0.2942723 -0.2882584
0.1437145 0.1474918 0.1522779 0.1395899 0.1541897 0.1520947 0.1553250 0.1561617 0.1877200 0.8883800 0.1851773 0.1908482 0.1990760 0.1839805 0.1413466 0.1485562 0.0338693 0.0597753 0.0629489 0.0617727 0.0508715 0.0740823 0.0596206 0.0583042 0.0670999 0.0617338 0.0673797 0.0571866 0.0564704 0.0521512 0.0622260 0.0508432 0.0662230 0.0566474 0.0500804 0.0699604 0.0557977 0.0571016 0.0685235 0.0653403 0.0553645 0.0428004 0.0458113 0.0538318 0.0660418 0.0576546 0.0463007 0.0278571 -0.0199878 0.0336489 0.0173823 0.0076927 0.0123729 0.0318655 0.0153110 0.0075599 -0.0069101 0.0046066 0.0295083 0.0161600 0.0307581 0.0177000 0.0154748 0.0302917 0.0154304 0.0307067 0.0043456 0.0284292 -0.0011044 0.0480425 0.0043461 -0.0113022 -0.0033327 0.0297056 0.0142715 0.0181796 0.0042416 -0.0168829 0.0110822 -0.0769746 -0.0889266 -0.0030052 0.0011612 0.0150354 -0.0411999 -0.0077670 -0.1210072 -0.0076810 -0.0416399 -0.0305929 -0.0300522 0.0090134 -0.0708182 -0.0090544 -0.1044585 -0.2778673 -0.2793731 -0.2795853 -0.2745690 -0.2749579 -0.2739201 -0.2769726 -0.2766979 -0.2782007 -0.2799192 -0.2817456 -0.2814135 -0.2801272 -0.2813959 -0.2812431 -0.2807553 -0.2844442 -0.2813403
0.1449399 0.1505850 0.1535945 0.1452836 0.1566509 0.1541299 0.1576283 0.1607014 0.1968627 0.1851773 0.9120513 0.2027619 0.1902894 0.1868657 0.1483766 0.1502643 0.0402049 0.0662470 0.0744865 0.0667770 0.0581828 0.0818248 0.0665474 0.0615335 0.0633887 0.0580007 0.0653142 0.0543336 0.0552002 0.0490956 0.0608916 0.0455153 0.0618246 0.0555329 0.0466391 0.0668009 0.0569244 0.0562416 0.0657868 0.0606445 0.0558940 0.0409877 0.0442169 0.0511940 0.0658126 0.0572040 0.0437348 0.0243368 -0.0187922 0.0305148 0.0187792 0.0024875 0.0110387 0.0259540 0.0151223 0.0054117 -0.0095617 0.0056017 0.0283403 0.0166557 0.0249179 0.0115607 0.0102630 0.0302896 0.0109641 0.0275950 0.0017207 0.0254175 -0.0052126 0.0445247 0.0008455 -0.0161640 -0.0056049 0.0297608 0.0149863 0.0150943 0.0022630 -0.0159642 0.0064370 -0.0785438 -0.0896213 -0.0081174 0.0003345 0.0109879 -0.0437252 -0.0143057 -0.1191642 -0.0072489 -0.0449190 -0.0258285 -0.0256492 0.0096351 -0.0724455 -0.0085322 -0.1061716 -0.2711947 -0.2745314 -0.2731395 -0.2688070 -0.2704335 -0.2700837 -0.2710362 -0.2722429 -0.2723347 -0.2725391 -0.2757317 -0.2756576 -0.2754331 -0.2769375 -0.2751151 -0.2776620 -0.2815467 -0.2754934
0.1520168 0.1536108 0.1564107 0.1461641 0.1605041 0.1597949 0.1626063 0.1676091 0.1939698 0.1908482 0.2027619 0.9053739 0.1953478 0.1903879 0.1457481 0.1557774 0.0378076 0.0655125 0.0706457 0.0641804 0.0538298 0.0807036 0.0649045 0.0590365 0.0653545 0.0585006 0.0680525 0.0554947 0.0554505 0.0501462 0.0614270 0.0491696 0.0638116 0.0565181 0.0516539 0.0709807 0.0587192 0.0560201 0.0671810 0.0621897 0.0585551 0.0415836 0.0472043 0.0515766 0.0683415 0.0570943 0.0478069 0.0229892 -0.0217766 0.0300577 0.0162270 0.0044050 0.0121423 0.0310139 0.0158749 0.0044115 -0.0085875 0.0087137 0.0260329 0.0133223 0.0237148 0.0110717 0.0101011 0.0290610 0.0129648 0.0289596 0.0051044 0.0245879 -0.0020080 0.0497534 0.0060598 -0.0147630 -0.0049870 0.0276113 0.0118968 0.0178924 0.0028253 -0.0206492 0.0096950 -0.0773629 -0.0889330 -0.0062254 0.0003063 0.0097389 -0.0448958 -0.0115692 -0.1187901 -0.0089546 -0.0438857 -0.0323279 -0.0330651 0.0059100 -0.0695983 -0.0114594 -0.1083786 -0.2791872 -0.2805703 -0.2791104 -0.2762377 -0.2772625 -0.2770267 -0.2780232 -0.2778428 -0.2807904 -0.2796786 -0.2817636 -0.2821756 -0.2821967 -0.2820321 -0.2814435 -0.2830545 -0.2866538 -0.2829283
0.1422440 0.1505762 0.1528141 0.1396412 0.1548864 0.1511688 0.1540973 0.1561451 0.1907018 0.1990760 0.1902894 0.1953478 0.8948927 0.1916759 0.1448501 0.1494476 0.0317757 0.0604166 0.0653795 0.0589502 0.0498889 0.0755383 0.0598664 0.0553981 0.0671213 0.0621975 0.0723848 0.0572904 0.0588481 0.0543002 0.0645115 0.0530223 0.0683367 0.0578414 0.0482258 0.0706355 0.0612118 0.0610209 0.0706382 0.0639084 0.0572538 0.0437900 0.0480372 0.0560975 0.0670256 0.0607084 0.0509604 0.0249489 -0.0195614 0.0344578 0.0150222 0.0092022 0.0158302 0.0274871 0.0193280 0.0058087 -0.0071109 0.0077487 0.0344458 0.0169882 0.0362547 0.0204729 0.0199513 0.0302074 0.0174039 0.0319102 0.0041940 0.0270366 -0.0009567 0.0505069 0.0056905 -0.0102794 -0.0060438 0.0325816 0.0161887 0.0211328 0.0060716 -0.0158841 0.0119468 -0.0809670 -0.0899145 -0.0037557 -0.0005447 0.0162275 -0.0422292 -0.0099514 -0.1232762 -0.0068043 -0.0428352 -0.0342237 -0.0341369 0.0087350 -0.0744006 -0.0069128 -0.1092669 -0.2825727 -0.2856030 -0.2838853 -0.2786857 -0.2799166 -0.2800647 -0.2820418 -0.2826730 -0.2838036 -0.2849494 -0.2876661 -0.2860894 -0.2873727 -0.2881408 -0.2869324 -0.2865073 -0.2919478 -0.2871899
0.1408052 0.1456552 0.1498821 0.1405462 0.1527667 0.1501860 0.1558286 0.1577073 0.1851067 0.1839805 0.1868657 0.1903879 0.1916759 0.8974751 0.1449286 0.1431027 0.0373684 0.0620079 0.0684966 0.0585782 0.0509559 0.0774670 0.0593101 0.0581400 0.0681314 0.0568499 0.0660622 0.0562694 0.0577723 0.0507127 0.0605578 0.0494149 0.0623830 0.0569907 0.0493283 0.0694275 0.0599361 0.0574529 0.0670011 0.0656469 0.0550230 0.0435287 0.0487985 0.0528536 0.0657513 0.0588272 0.0475802 0.0298864 -0.0180243 0.0333230 0.0176787 0.0053018 0.0129099 0.0270161 0.0179144 0.0080478 -0.0090598 0.0065431 0.0315571 0.0163980 0.0304552 0.0156115 0.0145025 0.0335792 0.0162203 0.0288870 0.0036349 0.0312898 -0.0004707 0.0484754 0.0041518 -0.0146043 -0.0045039 0.0317710 0.0171142 0.0209282 0.0069297 -0.0158327 0.0101194 -0.0787161 -0.0880363 -0.0068216 0.0007103 0.0131951 -0.0420195 -0.0098371 -0.1216229 -0.0069546 -0.0420904 -0.0238611 -0.0240837 0.0113792 -0.0736242 -0.0020738 -0.1073513 -0.2779018 -0.2802455 -0.2788479 -0.2762898 -0.2766542 -0.2752684 -0.2780305 -0.2779016 -0.2794504 -0.2797815 -0.2822273 -0.2822615 -0.2808132 -0.2831711 -0.2824870 -0.2820209 -0.2853560 -0.2830737
0.1344467 0.1372430 0.1421207 0.1330282 0.1419786 0.1411736 0.1413619 0.1463494 0.1486853 0.1413466 0.1483766 0.1457481 0.1448501 0.1449286 0.8757321 0.1386559 0.0286418 0.0485983 0.0535282 0.0421067 0.0387702 0.0654273 0.0448887 0.0440807 0.0700993 0.0671053 0.0749937 0.0608512 0.0629845 0.0606757 0.0713305 0.0565251 0.0714073 0.0589271 0.0590176 0.0715005 0.0628782 0.0664536 0.0711641 0.0692842 0.0588847 0.0502213 0.0526898 0.0557834 0.0659098 0.0665983 0.0481437 0.0351547 -0.0141738 0.0374455 0.0234513 0.0103820 0.0175242 0.0361344 0.0274429 0.0084266 0.0016235 0.0159262 0.0403197 0.0245359 0.0394573 0.0262549 0.0229828 0.0349545 0.0228679 0.0361479 0.0152405 0.0365588 0.0096606 0.0551905 0.0159972 -0.0015261 0.0031233 0.0333234 0.0213459 0.0233119 0.0103026 -0.0122503 0.0156825 -0.0680633 -0.0781060 0.0089472 0.0141249 0.0224027 -0.0287348 -0.0013353 -0.1211721 0.0017909 -0.0345215 -0.0259375 -0.0259762 0.0139473 -0.0661739 0.0008374 -0.1005497 -0.2781039 -0.2829703 -0.2824465 -0.2787448 -0.2784598 -0.2767054 -0.2810021 -0.2809549 -0.2812447 -0.2843719 -0.2849195 -0.2848561 -0.2846667 -0.2848177 -0.2856256 -0.2851854 -0.2882994 -0.2859256
0.1366699 0.1413839 0.1442591 0.1361608 0.1474494 0.1462458 0.1487756 0.1492434 0.1539064 0.1485562 0.1502643 0.1557774 0.1494476 0.1431027 0.1386559 0.8780544 0.0257455 0.0508974 0.0541692 0.0483620 0.0399556 0.0626620 0.0469799 0.0468294 0.0737549 0.0716648 0.0767407 0.0620750 0.0660178 0.0625424 0.0733696 0.0639131 0.0780453 0.0588165 0.0591934 0.0768008 0.0632332 0.0668892 0.0726508 0.0684727 0.0629643 0.0535736 0.0569662 0.0532461 0.0665617 0.0690242 0.0543520 0.0301029 -0.0135048 0.0357216 0.0224680 0.0108948 0.0158060 0.0375343 0.0255995 0.0076141 -0.0003541 0.0150173 0.0396746 0.0248029 0.0433779 0.0283531 0.0268511 0.0356215 0.0227149 0.0403321 0.0153485 0.0323767 0.0080023 0.0557838 0.0181121 -0.0033251 0.0032050 0.0366825 0.0201668 0.0296710 0.0129641 -0.0144899 0.0155285 -0.0693330 -0.0793483 0.0093279 0.0090219 0.0194797 -0.0292893 -0.0016821 -0.1214857 0.0010935 -0.0357182 -0.0360010 -0.0367232 0.0146903 -0.0491065 -0.0016476 -0.1044125 -0.2833412 -0.2866323 -0.2853126 -0.2795561 -0.2823383 -0.2795987 -0.2829113 -0.2840721 -0.2856582 -0.2870992 -0.2888772 -0.2888129 -0.2886173 -0.2897701 -0.2893918 -0.2894194 -0.2923099 -0.2892021
0.0301381 0.0267815 0.0347407 0.0296363 0.0337887 0.0353276 0.0313461 0.0356567 0.0363892 0.0338693 0.0402049 0.0378076 0.0317757 0.0373684 0.0286418 0.0257455 0.9752915 0.0423336 0.0472415 0.0548655 0.0602222 0.0356258 0.0473719 0.0571449 -0.0100818 -0.0168528 -0.0125329 -0.0087994 -0.0179438 -0.0184010 -0.0204376 -0.0209992 -0.0248679 -0.0091113 -0.0123574 -0.0162558 -0.0138262 -0.0166366 -0.0173252 -0.0169998 0.0019934 -0.0080534 -0.0299385 -0.0119552 -0.0101314 -0.0054726 -0.0059580 -0.0503115 -0.0085246 -0.0270798 -0.0246657 -0.0026257 -0.0430637 -0.0051137 -0.0128105 -0.0166927 -0.0191561 -0.0238006 -0.0478214 -0.0216836 -0.0430853 -0.0545233 -0.0539207 -0.0310114 -0.0334653 -0.0133336 -0.0265138 -0.0487741 -0.0216802 -0.0193313 -0.0206069 -0.0102018 -0.0153822 -0.0155160 -0.0251976 -0.0198338 -0.0168270 -0.0341058 -0.0164463 -0.0133086 -0.0128519 -0.0189723 -0.0106183 -0.0218173 -0.0165761 -0.0246364 0.0027720 -0.0234092 -0.0185906 -0.0875357 -0.0878806 -0.0375788 -0.0038449 -0.0122183 -0.0151058 0.0115406 0.0115996 0.0122316 0.0137932 0.0118249 0.0119146 0.0124292 0.0139604 0.0128093 0.0135517 0.0121108 0.0109337 0.0119502 0.0111064 0.0115933 0.0128922 0.0043064 0.0107464
0.0526985 0.0562875 0.0553386 0.0526999 0.0622943 0.0566582 0.0579992 0.0589981 0.0609516 0.0597753 0.0662470 0.0655125 0.0604166 0.0620079 0.0485983 0.0508974 0.0423336 0.9517176 0.0675030 0.0658743 0.0571331 0.0625993 0.0609526 0.0569054 0.0005469 -0.0104856 -0.0029570 -0.0084490 -0.0049776 -0.0140171 -0.0099939 -0.0165440 -0.0078253 0.0059661 -0.0108786 -0.0072397 -0.0045774 -0.0048742 -0.0026283 -0.0065729 0.0034467 -0.0182215 -0.0088270 0.0010984 0.0074483 -0.0072559 -0.0088071 -0.0205694 -0.0163752 -0.0107890 -0.0086108 -0.0227356 -0.0192533 -0.0038132 -0.0244612 -0.0145493 -0.0242945 -0.0161207 -0.0302458 -0.0178236 -0.0351643 -0.0454373 -0.0461660 -0.0120838 -0.0185939 -0.0172315 -0.0261957 -0.0202074 -0.0318974 -0.0100441 -0.0249369 -0.0206439 -0.0169743 -0.0056534 -0.0160551 -0.0070972 -0.0202513 -0.0148524 -0.0082170 -0.0301513 -0.0372345 -0.0258901 -0.0134135 -0.0188676 -0.0236318 -0.0169171 -0.0263896 -0.0226565 -0.0241043 -0.0167422 -0.0161773 -0.0150539 -0.0166698 -0.0270719 -0.0251210 -0.0450388 -0.0479761 -0.0469768 -0.0428902 -0.0448133 -0.0449841 -0.0469035 -0.0461552 -0.0443753 -0.0440148 -0.0475961 -0.0487948 -0.0496135 -0.0482241 -0.0470320 -0.0477280 -0.0530123 -0.0461274
0.0550711 0.0596183 0.0645843 0.0574100 0.0654133 0.0633822 0.0654665 0.0701417 0.0662381 0.0629489 0.0744865 0.0706457 0.0653795 0.0684966 0.0535282 0.0541692 0.0472415 0.0675030 0.9676282 0.0719664 0.0713518 0.0738284 0.0652036 0.0651838 -0.0036764 -0.0064275 -0.0002940 -0.0103606 -0.0108342 -0.0180114 -0.0123466 -0.0214075 -0.0111250 0.0053186 -0.0177548 -0.0041001 -0.0083605 -0.0078814 -0.0040244 -0.0025065 -0.0007302 -0.0183549 -0.0144346 -0.0049548 0.0142680 -0.0076212 -0.0136406 -0.0188473 -0.0137535 -0.0074489 -0.0090790 -0.0250343 -0.0118478 -0.0080769 -0.0211306 -0.0092886 -0.0302154 -0.0216115 -0.0288490 -0.0157434 -0.0327228 -0.0390072 -0.0382611 -0.0077973 -0.0228065 -0.0233446 -0.0313752 -0.0169046 -0.0433589 -0.0119672 -0.0369697 -0.0357967 -0.0230762 -0.0056594 -0.0192978 -0.0169581 -0.0208005 -0.0208845 -0.0148275 -0.0333818 -0.0369665 -0.0389675 -0.0157517 -0.0282649 -0.0352340 -0.0260733 -0.0322015 -0.0249285 -0.0387506 -0.0096290 -0.0101377 -0.0195970 -0.0223373 -0.0306037 -0.0355773 -0.0429503 -0.0451320 -0.0457682 -0.0423474 -0.0415021 -0.0430866 -0.0436236 -0.0423806 -0.0448172 -0.0403199 -0.0445726 -0.0463908 -0.0441139 -0.0439757 -0.0457045 -0.0434757 -0.0467110 -0.0460724
0.0511279 0.0538564 0.0519752 0.0492709 0.0602030 0.0534232 0.0579349 0.0590441 0.0609475 0.0617727 0.0667770 0.0641804 0.0589502 0.0585782 0.0421067 0.0483620 0.0548655 0.0658743 0.0719664 1.0101196 0.0660855 0.0950142 0.0916495 0.0703081 -0.0225804 -0.0207754 -0.0191341 -0.0246148 -0.0271037 -0.0361076 -0.0335334 -0.0411304 -0.0227919 -0.0002440 -0.0255017 -0.0195152 -0.0132016 -0.0180431 -0.0137607 -0.0190281 -0.0179725 -0.0317495 -0.0278119 -0.0176381 -0.0027188 -0.0284822 -0.0329053 -0.0076102 -0.0185462 -0.0094058 -0.0013584 -0.0252390 0.0026214 -0.0232184 -0.0348127 -0.0339396 -0.0293237 -0.0179661 -0.0151147 -0.0145612 -0.0160515 -0.0161208 -0.0162152 -0.0211922 -0.0242426 -0.0489904 -0.0512963 -0.0078553 -0.0705560 -0.0222083 -0.0559000 -0.0524434 -0.0299628 -0.0011700 -0.0160215 -0.0317263 -0.0300297 -0.0181131 -0.0190867 -0.0436253 -0.0658046 -0.0568721 -0.0511701 -0.0252523 -0.0583735 -0.0385020 -0.0203309 -0.0243504 -0.0284513 0.0334772 0.0350327 -0.0268678 -0.0167758 -0.0648882 -0.0210459 -0.0136593 -0.0148905 -0.0150678 -0.0115517 -0.0096673 -0.0147841 -0.0144139 -0.0089745 -0.0106020 -0.0079916 -0.0100987 -0.0113085 -0.0089096 -0.0107194 -0.0083773 -0.0098345 -0.0125832 -0.0127947
0.0458755 0.0421940 0.0473168 0.0405264 0.0518589 0.0477627 0.0482071 0.0518446 0.0505702 0.0508715 0.0581828 0.0538298 0.0498889 0.0509559 0.0387702 0.0399556 0.0602222 0.0571331 0.0713518 0.0660855 1.0013654 0.0723735 0.0693118 0.0694960 -0.0197912 -0.0202621 -0.0122827 -0.0227829 -0.0258470 -0.0351043 -0.0252801 -0.0352637 -0.0305901 -0.0081237 -0.0284467 -0.0232146 -0.0280398 -0.0204014 -0.0204592 -0.0197099 -0.0071042 -0.0254830 -0.0320323 -0.0170798 -0.0071211 -0.0188609 -0.0224774 -0.0441865 -0.0146315 -0.0186557 -0.0231801 -0.0126016 -0.0234904 -0.0224553 -0.0369354 -0.0236465 -0.0329296 -0.0323519 -0.0463333 -0.0269063 -0.0448449 -0.0458382 -0.0478524 -0.0246834 -0.0356976 -0.0347577 -0.0404870 -0.0451139 -0.0475403 -0.0221420 -0.0372383 -0.0304645 -0.0259543 -0.0157324 -0.0257534 -0.0342202 -0.0264885 -0.0178076 -0.0256441 -0.0292642 -0.0344721 -0.0415565 -0.0314245 -0.0256687 -0.0380313 -0.0390269 -0.0004816 -0.0282734 -0.0231056 -0.0363664 -0.0369609 -0.0265259 -0.0058156 -0.0284958 -0.0204801 0.0100452 0.0123316 0.0126140 0.0143226 0.0137015 0.0117116 0.0116234 0.0140842 0.0129421 0.0150922 0.0116030 0.0117594 0.0136157 0.0110909 0.0137202 0.0126989 0.0068183 0.0126770
0.0710668 0.0697297 0.0726293 0.0674944 0.0793577 0.0713456 0.0732373 0.0786029 0.0742522 0.0740823 0.0818248 0.0807036 0.0755383 0.0774670 0.0654273 0.0626620 0.0356258 0.0625993 0.0738284 0.0950142 0.0723735 0.9949049 0.0841506 0.0808147 -0.0165253 -0.0064298 -0.0069372 -0.0093482 -0.0177785 -0.0274205 -0.0193187 -0.0304419 -0.0119278 0.0093327 -0.0161401 -0.0092564 -0.0092655 -0.0033773 -0.0064533 -0.0031808 -0.0070374 -0.0243584 -0.0133791 -0.0080154 0.0080974 -0.0177418 -0.0216111 -0.0001304 -0.0171882 -0.0065894 0.0064732 -0.0232598 0.0122806 -0.0202465 -0.0318429 -0.0255222 -0.0309865 -0.0119911 0.0018825 -0.0077381 -0.0061823 0.0011238 0.0005534 -0.0088891 -0.0261237 -0.0449922 -0.0531587 -0.0001744 -0.0656466 -0.0154431 -0.0572592 -0.0490050 -0.0277030 -0.0018872 -0.0139469 -0.0213306 -0.0209176 -0.0032018 0.0006975 -0.0519627 -0.0689784 -0.0549292 -0.0435123 -0.0168665 -0.0581618 -0.0330062 -0.0404005 -0.0251838 -0.0370864 0.0422854 0.0442714 -0.0233549 -0.0293503 -0.0524520 -0.0361704 -0.0569188 -0.0561761 -0.0592666 -0.0539931 -0.0541545 -0.0578912 -0.0538730 -0.0540679 -0.0562875 -0.0517646 -0.0540974 -0.0535485 -0.0517881 -0.0537398 -0.0510635 -0.0557114 -0.0567241 -0.0548212
0.0495226 0.0518004 0.0542903 0.0501697 0.0612806 0.0552958 0.0566499 0.0596240 0.0609190 0.0596206 0.0665474 0.0649045 0.0598664 0.0593101 0.0448887 0.0469799 0.0473719 0.0609526 0.0652036 0.0916495 0.0693118 0.0841506 0.9864677 0.0714658 -0.0187705 -0.0214552 -0.0180889 -0.0219305 -0.0240406 -0.0316049 -0.0235984 -0.0326153 -0.0230978 -0.0038499 -0.0253833 -0.0223911 -0.0207507 -0.0194936 -0.0186645 -0.0183179 -0.0060247 -0.0232348 -0.0270570 -0.0148226 -0.0075139 -0.0173950 -0.0255536 -0.0262804 -0.0258941 -0.0160552 -0.0072247 -0.0181860 -0.0152235 -0.0201078 -0.0360371 -0.0258943 -0.0359158 -0.0143023 -0.0179985 -0.0161679 -0.0224248 -0.0190047 -0.0182781 -0.0291166 -0.0368794 -0.0383486 -0.0515521 -0.0266609 -0.0608822 -0.0228048 -0.0554270 -0.0396376 -0.0331598 -0.0075347 -0.0249245 -0.0284809 -0.0243103 -0.0252993 -0.0157441 -0.0360779 -0.0538139 -0.0448329 -0.0394882 -0.0206938 -0.0455743 -0.0354297 -0.0193345 -0.0210701 -0.0279905 -0.0174428 -0.0168724 -0.0350609 -0.0161304 -0.0476463 -0.0220104 -0.0053232 -0.0033955 -0.0074424 -0.0001252 -0.0043195 -0.0028986 -0.0031363 -0.0016623 -0.0028848 0.0009413 -0.0036625 -0.0035901 -0.0009699 -0.0012359 -0.0000038 -0.0028158 -0.0066549 0.0004897
0.0538559 0.0487197 0.0526241 0.0513390 0.0585306 0.0535417 0.0506544 0.0532519 0.0563730 0.0583042 0.0615335 0.0590365 0.0553981 0.0581400 0.0440807 0.0468294 0.0571449 0.0569054 0.0651838 0.0703081 0.0694960 0.0808147 0.0714658 0.9721471 -0.0087440 -0.0046141 -0.0095931 -0.0089887 -0.0151366 -0.0222260 -0.0181113 -0.0212771 -0.0159238 0.0032201 -0.0201102 -0.0097909 -0.0088898 -0.0055555 -0.0048288 -0.0101040 -0.0004948 -0.0187844 -0.0185426 -0.0075789 0.0045028 -0.0096996 -0.0125058 -0.0205724 -0.0194007 -0.0105667 -0.0024504 -0.0125267 -0.0108021 -0.0146401 -0.0194909 -0.0208998 -0.0247741 -0.0178964 -0.0180033 -0.0205844 -0.0159929 -0.0188908 -0.0197744 -0.0187174 -0.0264296 -0.0338245 -0.0397080 -0.0198998 -0.0433120 -0.0098518 -0.0368856 -0.0284902 -0.0199240 -0.0094175 -0.0173936 -0.0174864 -0.0158170 -0.0112122 -0.0180472 -0.0377216 -0.0528571 -0.0415356 -0.0270597 -0.0206819 -0.0348199 -0.0322637 -0.0228325 -0.0277790 -0.0337496 0.0028036 0.0025232 -0.0260223 -0.0197869 -0.0366547 -0.0265795 -0.0347130 -0.0331096 -0.0363031 -0.0308143 -0.0306153 -0.0325762 -0.0310657 -0.0299338 -0.0310800 -0.0303051 -0.0324584 -0.0304560 -0.0341480 -0.0323574 -0.0307744 -0.0323868 -0.0354059 -0.0321411
0.0673332 0.0690373 0.0675765 0.0682628 0.0684522 0.0720798 0.0704101 0.0705757 0.0717933 0.0670999 0.0633887 0.0653545 0.0671213 0.0681314 0.0700993 0.0737549 -0.0100818 0.0005469 -0.0036764 -0.0225804 -0.0197912 -0.0165253 -0.0187705 -0.0087440 0.8482084 0.0786550 0.0841400 0.0938639 0.1054843 0.1190648 0.1197055 0.1029047 0.0851915 0.0565589 0.0708296 0.0864480 0.0735517 0.0707125 0.0724563 0.0795456 0.0587330 0.0616672 0.0694271 0.0604273 0.0634542 0.0752981 0.0633208 0.0405379 0.0005047 0.0371795 0.0182672 0.0270167 0.0161184 0.0467039 0.0428277 0.0294168 0.0226518 0.0228144 0.0435369 0.0324596 0.0375590 0.0219179 0.0214495 0.0510768 0.0446526 0.0716102 0.0552610 0.0428155 0.0660705 0.0707309 0.0578226 0.0312092 0.0200393 0.0376908 0.0351349 0.0447139 0.0274415 0.0016175 0.0203185 -0.0272374 -0.0365222 0.0462188 0.0450745 0.0422549 0.0073842 0.0266071 -0.1027421 0.0266676 -0.0069651 -0.0370429 -0.0394560 0.0392750 -0.0575873 0.0404059 -0.0826807 -0.2596634 -0.2657434 -0.2593417 -0.2596808 -0.2592612 -0.2577615 -0.2584601 -0.2631328 -0.2625422 -0.2688660 -0.2671552 -0.2673296 -0.2701439 -0.2704091 -0.2709301 -0.2673853 -0.2712168 -0.2694700
0.0641969 0.0660059 0.0648465 0.0633519 0.0628726 0.0671071 0.0662774 0.0669303 0.0631951 0.0617338 0.0580007 0.0585006 0.0621975 0.0568499 0.0671053 0.0716648 -0.0168528 -0.0104856 -0.0064275 -0.0207754 -0.0202621 -0.0064298 -0.0214552 -0.0046141 0.0786550 0.8560466 0.1116678 0.0705417 0.0848520 0.0784400 0.0872298 0.0817396 0.0856716 0.0568092 0.0657803 0.0857758 0.0704106 0.0695624 0.0735312 0.0783794 0.0567190 0.0661972 0.0655753 0.0513666 0.0552983 0.0747023 0.0630333 0.0507044 0.0000786 0.0465917 0.0306827 0.0224658 0.0358283 0.0484424 0.0525667 0.0175958 0.0277568 0.0304896 0.0698102 0.0429154 0.0822637 0.0687387 0.0677862 0.0517295 0.0444555 0.0557444 0.0390902 0.0510676 0.0436169 0.0668064 0.0430204 0.0230683 0.0243406 0.0424264 0.0451063 0.0403881 0.0335167 0.0026373 0.0296416 -0.0318858 -0.0414104 0.0468903 0.0320910 0.0475027 0.0045056 0.0320169 -0.1133074 0.0260204 -0.0117491 -0.0202627 -0.0206114 0.0367063 -0.0557593 0.0269204 -0.0779341 -0.2534570 -0.2604650 -0.2572704 -0.2541753 -0.2563230 -0.2532815 -0.2577520 -0.2588905 -0.2588157 -0.2632616 -0.2619435 -0.2629857 -0.2630476 -0.2620407 -0.2663486 -0.2634532 -0.2637030 -0.2641467
0.0678298 0.0714299 0.0727014 0.0699387 0.0708803 0.0728045 0.0727777 0.0718610 0.0713836 0.0673797 0.0653142 0.0680525 0.0723848 0.0660622 0.0749937 0.0767407 -0.0125329 -0.0029570 -0.0002940 -0.0191341 -0.0122827 -0.0069372 -0.0180889 -0.0095931 0.0841400 0.1116678 0.8508647 0.0774699 0.0815532 0.0887537 0.0871670 0.0890378 0.0817923 0.0565297 0.0672828 0.0807653 0.0751302 0.0681838 0.0733784 0.0782450 0.0595098 0.0653168 0.0678061 0.0581313 0.0587513 0.0725235 0.0657080 0.0456920 -0.0022476 0.0419095 0.0205540 0.0272738 0.0249217 0.0425822 0.0456792 0.0179700 0.0236849 0.0311043 0.0583855 0.0446008 0.0649358 0.0514986 0.0504328 0.0557018 0.0481462 0.0572698 0.0462541 0.0457845 0.0511699 0.0705892 0.0542350 0.0261128 0.0170387 0.0410122 0.0427124 0.0441232 0.0285414 -0.0006675 0.0264214 -0.0402706 -0.0427091 0.0483105 0.0363566 0.0414333 0.0092134 0.0280875 -0.1045470 0.0225085 -0.0108848 -0.0334591 -0.0350998 0.0345325 -0.0551534 0.0354227 -0.0776735 -0.2597212 -0.2655278 -0.2610636 -0.2578821 -0.2606712 -0.2567760 -0.2603349 -0.2613168 -0.2630635 -0.2665724 -0.2656063 -0.2680245 -0.2676716 -0.2681050 -0.2692111 -0.2667430 -0.2695616 -0.2678885
0.0526170 0.0562369 0.0595981 0.0583951 0.0552173 0.0579728 0.0589755 0.0574826 0.0593353 0.0571866 0.0543336 0.0554947 0.0572904 0.0562694 0.0608512 0.0620750 -0.0087994 -0.0084490 -0.0103606 -0.0246148 -0.0227829 -0.0093482 -0.0219305 -0.0089887 0.0938639 0.0705417 0.0774699 0.8623407 0.1071399 0.0911948 0.0890506 0.1030324 0.0686149 0.0505904 0.0599668 0.0788868 0.0713814 0.0638225 0.0674102 0.0615977 0.0636664 0.0674234 0.0642211 0.0503103 0.0522468 0.0775425 0.0725983 0.0439033 -0.0075610 0.0335937 0.0287140 0.0277723 0.0270539 0.0508308 0.0437811 0.0117925 0.0279119 0.0257228 0.0652268 0.0367083 0.0735840 0.0661291 0.0663114 0.0454586 0.0376699 0.0538860 0.0350252 0.0447135 0.0475479 0.0660542 0.0425276 0.0304185 0.0275182 0.0324704 0.0367194 0.0419585 0.0297638 -0.0037132 0.0203146 -0.0349292 -0.0377199 0.0449832 0.0328666 0.0411271 0.0014598 0.0254446 -0.0951903 0.0212577 -0.0195355 -0.0470475 -0.0484723 0.0221464 -0.0578771 0.0272583 -0.0773652 -0.2365393 -0.2417468 -0.2398258 -0.2351511 -0.2358479 -0.2335460 -0.2371631 -0.2395072 -0.2413081 -0.2465166 -0.2427391 -0.2442382 -0.2452433 -0.2437600 -0.2465887 -0.2435996 -0.2470913 -0.2466598
0.0565099 0.0599761 0.0586395 0.0589320 0.0567222 0.0611106 0.0595661 0.0586479 0.0594547 0.0564704 0.0552002 0.0554505 0.0588481 0.0577723 0.0629845 0.0660178 -0.0179438 -0.0049776 -0.0108342 -0.0271037 -0.0258470 -0.0177785 -0.0240406 -0.0151366 0.1054843 0.0848520 0.0815532 0.1071399 0.8569361 0.1011338 0.0956344 0.1103955 0.0753581 0.0542200 0.0633195 0.0790893 0.0689176 0.0692292 0.0725567 0.0699985 0.0594449 0.0582900 0.0649581 0.0530942 0.0525684 0.0715570 0.0613218 0.0463542 0.0076774 0.0375259 0.0279142 0.0176502 0.0292025 0.0498627 0.0464989 0.0182370 0.0268623 0.0324311 0.0638631 0.0386946 0.0744460 0.0626367 0.0619854 0.0531256 0.0423288 0.0607204 0.0442575 0.0459512 0.0494083 0.0681779 0.0479453 0.0301061 0.0223778 0.0395625 0.0397348 0.0417944 0.0308478 -0.0000585 0.0274680 -0.0310979 -0.0352983 0.0491746 0.0322293 0.0444909 0.0036971 0.0226191 -0.1021283 0.0197055 -0.0113537 -0.0327130 -0.0334568 0.0299822 -0.0574181 0.0303398 -0.0770421 -0.2446605 -0.2523557 -0.2482891 -0.2467424 -0.2473893 -0.2446692 -0.2478082 -0.2512086 -0.2509388 -0.2546234 -0.2552979 -0.2541242 -0.2559865 -0.2558370 -0.2570012 -0.2557023 -0.2568491 -0.2567936
0.0531089 0.0565693 0.0576926 0.0553640 0.0532694 0.0590240 0.0592644 0.0557474 0.0572629 0.0521512 0.0490956 0.0501462 0.0543002 0.0507127 0.0606757 0.0625424 -0.0184010 -0.0140171 -0.0180114 -0.0361076 -0.0351043 -0.0274205 -0.0316049 -0.0222260 0.1190648 0.0784400 0.0887537 0.0911948 0.1011338 0.8569718 0.1195429 0.1031666 0.0773435 0.0566971 0.0712705 0.0841954 0.0764660 0.0807506 0.0726994 0.0787376 0.0591400 0.0677346 0.0757072 0.0598231 0.0614874 0.0765097 0.0693065 0.0569081 0.0042527 0.0388214 0.0223288 0.0291782 0.0268268 0.0497251 0.0581414 0.0232955 0.0256168 0.0298616 0.0565041 0.0371819 0.0653469 0.0522713 0.0527060 0.0584626 0.0468489 0.0700810 0.0549025 0.0580200 0.0677132 0.0773571 0.0606023 0.0334041 0.0295491 0.0370562 0.0371924 0.0543922 0.0295084 0.0034906 0.0274634 -0.0282101 -0.0297160 0.0581189 0.0446677 0.0452339 0.0139645 0.0352964 -0.1053308 0.0286842 -0.0087473 -0.0326111 -0.0339884 0.0386014 -0.0549023 0.0407175 -0.0790491 -0.2560191 -0.2640287 -0.2583450 -0.2573181 -0.2579157 -0.2547365 -0.2575954 -0.2605032 -0.2603865 -0.2661637 -0.2649089 -0.2653868 -0.2652802 -0.2676209 -0.2669326 -0.2665398 -0.2681717 -0.2677526
0.0648069 0.0672782 0.0695208 0.0655617 0.0667572 0.0655821 0.0679774 0.0672769 0.0662017 0.0622260 0.0608916 0.0614270 0.0645115 0.0605578 0.0713305 0.0733696 -0.0204376 -0.0099939 -0.0123466 -0.0335334 -0.0252801 -0.0193187 -0.0235984 -0.0181113 0.1197055 0.0872298 0.0871670 0.0890506 0.0956344 0.1195429 0.8539699 0.1022733 0.0876695 0.0617484 0.0737292 0.0923254 0.0817204 0.0826104 0.0827756 0.0846644 0.0659185 0.0675554 0.0789133 0.0627498 0.0647667 0.0856066 0.0698546 0.0590192 -0.0021301 0.0502110 0.0277731 0.0349665 0.0324846 0.0519413 0.0589174 0.0284679 0.0237208 0.0288376 0.0661248 0.0387713 0.0590222 0.0443594 0.0442053 0.0546779 0.0522252 0.0707379 0.0568264 0.0600276 0.0654712 0.0838898 0.0593193 0.0290854 0.0278481 0.0457688 0.0455919 0.0459183 0.0311804 0.0030897 0.0275586 -0.0301640 -0.0378335 0.0527508 0.0441565 0.0484358 0.0093586 0.0326371 -0.1103672 0.0309352 -0.0077825 -0.0213001 -0.0221525 0.0432827 -0.0643043 0.0500148 -0.0854876 -0.2761250 -0.2829789 -0.2760936 -0.2762029 -0.2763516 -0.2731210 -0.2773217 -0.2793298 -0.2808433 -0.2848144 -0.2842599 -0.2842639 -0.2848282 -0.2861072 -0.2858685 -0.2864226 -0.2865572 -0.2855544
0.0499985 0.0555053 0.0533729 0.0527262 0.0508863 0.0536490 0.0544671 0.0537454 0.0561003 0.0508432 0.0455153 0.0491696 0.0530223 0.0494149 0.0565251 0.0639131 -0.0209992 -0.0165440 -0.0214075 -0.0411304 -0.0352637 -0.0304419 -0.0326153 -0.0212771 0.1029047 0.0817396 0.0890378 0.1030324 0.1103955 0.1031666 0.1022733 0.8604301 0.0823594 0.0514202 0.0639194 0.0876843 0.0738418 0.0674817 0.0737725 0.0694959 0.0600000 0.0700962 0.0642761 0.0535806 0.0537439 0.0813611 0.0709298 0.0366958 -0.0033384 0.0371336 0.0178923 0.0361908 0.0153544 0.0565246 0.0539530 0.0244150 0.0279002 0.0336855 0.0562412 0.0448320 0.0691905 0.0621737 0.0621963 0.0441132 0.0386855 0.0667993 0.0572538 0.0379027 0.0638937 0.0731699 0.0658198 0.0405152 0.0272821 0.0331464 0.0356722 0.0541614 0.0372456 -0.0033011 0.0229369 -0.0240140 -0.0267911 0.0590830 0.0382791 0.0451478 0.0135225 0.0318760 -0.0916894 0.0206137 -0.0069214 -0.0756943 -0.0767111 0.0283510 -0.0465120 0.0489844 -0.0754264 -0.2429015 -0.2481763 -0.2427002 -0.2425225 -0.2422624 -0.2400847 -0.2434304 -0.2458846 -0.2461376 -0.2500953 -0.2492875 -0.2515085 -0.2523861 -0.2533249 -0.2533504 -0.2524606 -0.2537262 -0.2521267
0.0668206 0.0666580 0.0688643 0.0679306 0.0663290 0.0699969 0.0706882 0.0705206 0.0680354 0.0662230 0.0618246 0.0638116 0.0683367 0.0623830 0.0714073 0.0780453 -0.0248679 -0.0078253 -0.0111250 -0.0227919 -0.0305901 -0.0119278 -0.0230978 -0.0159238 0.0851915 0.0856716 0.0817923 0.0686149 0.0753581 0.0773435 0.0876695 0.0823594 0.8539390 0.0635866 0.0787738 0.0976065 0.0782829 0.0873794 0.0912095 0.0902166 0.0609766 0.0702119 0.0815722 0.0637977 0.0659740 0.0726313 0.0642106 0.0722501 0.0045448 0.0596293 0.0366679 0.0241233 0.0415134 0.0494184 0.0544762 0.0267307 0.0298269 0.0333259 0.0767300 0.0417274 0.0740274 0.0634909 0.0620913 0.0654045 0.0581095 0.0659307 0.0542227 0.0709263 0.0555808 0.0764452 0.0537150 0.0267277 0.0243478 0.0516953 0.0481056 0.0460282 0.0350319 0.0117245 0.0306272 -0.0326127 -0.0402737 0.0468389 0.0388982 0.0478678 0.0071689 0.0373650 -0.1189218 0.0359784 -0.0047418 0.0051742 0.0045453 0.0435820 -0.0663092 0.0313735 -0.0738597 -0.2813681 -0.2842998 -0.2822430 -0.2814197 -0.2806958 -0.2782634 -0.2806078 -0.2844730 -0.2849556 -0.2902414 -0.2886528 -0.2896147 -0.2896155 -0.2906758 -0.2911457 -0.2885838 -0.2893242 -0.2904074
0.0572124 0.0590526 0.0593649 0.0579877 0.0585852 0.0578622 0.0607705 0.0601799 0.0583016 0.0566474 0.0555329 0.0565181 0.0578414 0.0569907 0.0589271 0.0588165 -0.0091113 0.0059661 0.0053186 -0.0002440 -0.0081237 0.0093327 -0.0038499 0.0032201 0.0565589 0.0568092 0.0565297 0.0505904 0.0542200 0.0566971 0.0617484 0.0514202 0.0635866 0.9267572 0.0515622 0.0616629 0.0556888 0.0572778 0.0597787 0.0585675 0.0420601 0.0425147 0.0567178 0.0445866 0.0481523 0.0497919 0.0445936 0.0568880 0.0069369 0.0430405 0.0307297 0.0133899 0.0360808 0.0313475 0.0371755 0.0192764 0.0192890 0.0225597 0.0493091 0.0290926 0.0474936 0.0390401 0.0385112 0.0489335 0.0433462 0.0422359 0.0336548 0.0576544 0.0340424 0.0524575 0.0340988 0.0123815 0.0188065 0.0369886 0.0356701 0.0286875 0.0213898 0.0139031 0.0245022 -0.0272423 -0.0334417 0.0259769 0.0263060 0.0327396 0.0030470 0.0210203 -0.0854065 0.0244815 -0.0034685 0.0399218 0.0393800 0.0355012 -0.0470450 0.0223648 -0.0551989 -0.1992418 -0.2035625 -0.2008914 -0.1996743 -0.1988690 -0.1972043 -0.1992046 -0.2015054 -0.2029158 -0.2065065 -0.2053076 -0.2065911 -0.2061788 -0.2071505 -0.2082949 -0.2068296 -0.2080732 -0.2071541
