0.1297883 0.0000999 0.8701117
0.1118043 0.0000996 0.8880960
0.0773798 0.0000996 0.9225205
0.1586367 0.0000997 0.8412636
0.0511307 0.0000998 0.9487695
0.0574736 0.0000999 0.9424266
0.0501332 0.0000995 0.9497673
0.0436456 0.0000996 0.9562548
0.0374638 0.0000998 0.9624363
0.0364435 0.0023472 0.9612093
0.0158430 0.0075356 0.9766214
0.0001000 0.0035773 0.9963228
0.0352387 0.0000999 0.9646614
0.0394573 0.0019732 0.9585695
0.1835344 0.0000995 0.8163661
0.1659257 0.0000994 0.8339748
0.0660566 0.2493486 0.6845948
0.0529297 0.1996241 0.7474461
0.0002572 0.2037797 0.7959632
0.0000999 0.2265471 0.7733530
0.0000999 0.2492889 0.7506111
0.0000999 0.1895658 0.8103343
0.0000999 0.2328624 0.7670377
0.0391721 0.2117294 0.7490985
0.6579915 0.0000990 0.3419095
0.6951184 0.0000992 0.3047824
0.6490054 0.0000991 0.3508955
0.6903110 0.0010234 0.3086656
0.7136403 0.0000995 0.2862602
0.7642841 0.0000990 0.2356169
0.7304040 0.0000982 0.2694978
0.7398068 0.0000994 0.2600938
0.7315499 0.0000980 0.2683521
0.6198184 0.0433679 0.3368137
0.7327958 0.0060421 0.2611621
0.6908056 0.0000982 0.3090962
0.7057172 0.0000994 0.2941834
0.7176634 0.0000994 0.2822372
0.6834149 0.0000988 0.3164863
0.6959925 0.0000991 0.3039084
0.5662034 0.0352050 0.3985916
0.6859207 0.0264540 0.2876253
0.7928151 0.0000997 0.2070852
0.6323388 0.0366675 0.3309937
0.5666814 0.0236844 0.4096342
0.6628788 0.0015499 0.3355714
0.6814524 0.0256700 0.2928776
0.9127886 0.0053197 0.0818918
0.6391619 0.1952641 0.1655740
0.7154812 0.0521172 0.2324016
0.6806040 0.0992067 0.2201893
0.5827615 0.1457322 0.2715063
0.7533821 0.0840948 0.1625232
0.6299522 0.0795832 0.2904646
0.7877033 0.0595174 0.1527793
0.6351898 0.1427347 0.2220755
0.7487171 0.1300650 0.1212178
0.6879022 0.1173576 0.1947403
0.8708510 0.0000999 0.1290491
0.7103264 0.0829126 0.2067610
0.8672184 0.0000995 0.1326821
0.9132337 0.0122840 0.0744824
0.9150034 0.0137419 0.0712547
0.7930011 0.0302381 0.1767608
0.8441737 0.0520269 0.1037993
0.7620976 0.0362392 0.2016632
0.8352117 0.0759581 0.0888302
0.9103998 0.0028471 0.0867531
0.8971174 0.0670799 0.0358026
0.7316235 0.0028771 0.2654994
0.8341722 0.0694040 0.0964238
0.7071184 0.1491929 0.1436887
0.7116540 0.1363939 0.1519521
0.6600002 0.0685860 0.2714138
0.7590064 0.0717788 0.1692149
0.6810935 0.0852820 0.2336246
0.6870013 0.1131840 0.1998147
0.7023687 0.1724258 0.1252055
0.6666359 0.1145639 0.2188003
0.6595371 0.3254759 0.0149870
0.6566302 0.3432697 0.0001001
0.8201805 0.0926205 0.0871990
0.7473980 0.1086073 0.1439948
0.7553812 0.0738989 0.1707200
0.7642974 0.2011594 0.0345432
0.7764069 0.1251784 0.0984146
0.2973202 0.5412606 0.1614192
0.7684581 0.1214450 0.1100969
0.6890057 0.2341358 0.0768586
0.8625022 0.1373976 0.0001001
0.8602607 0.1396392 0.0001001
0.7900362 0.0851777 0.1247862
0.3974934 0.3916939 0.2108126
0.7885501 0.1186307 0.0928191
0.5189920 0.4363216 0.0446864
0.0141393 0.9857607 0.0001000
0.0032405 0.9966595 0.0001000
0.0104263 0.9894736 0.0001000
0.0066444 0.9878032 0.0055525
0.0140002 0.9858998 0.0001000
0.0194770 0.9804230 0.0001000
0.0137505 0.9861495 0.0001000
0.0060522 0.9930935 0.0008543
0.0028091 0.9949425 0.0022484
0.0001000 0.9998000 0.0001000
0.0001000 0.9998000 0.0001000
0.0001000 0.9998000 0.0001000
0.0001000 0.9998000 0.0001000
0.0001000 0.9998000 0.0001000
0.0001000 0.9998000 0.0001000
0.0001000 0.9998000 0.0001000
0.0001000 0.9998000 0.0001000
0.0001000 0.9998000 0.0001000
