0.8260487 0.0000997 0.0272894 0.1465622
0.8422485 0.0000995 0.0156668 0.1419853
0.8790524 0.0000995 0.0073777 0.1134704
0.7969078 0.0000995 0.0318195 0.1711732
0.9074082 0.0000997 0.0075349 0.0849572
0.8894174 0.0000997 0.0000997 0.1103831
0.9081813 0.0000994 0.0097544 0.0819650
0.9152530 0.0000995 0.0060077 0.0786399
0.9092734 0.0000997 0.0000997 0.0905271
0.9185061 0.0005825 0.0001328 0.0807786
0.9387616 0.0047412 0.0062496 0.0502476
0.9560180 0.0013153 0.0001000 0.0425667
0.9154040 0.0000998 0.0000998 0.0843965
0.9184005 0.0000999 0.0096230 0.0718765
0.7662581 0.0000994 0.0166948 0.2169477
0.7790047 0.0000994 0.0000994 0.2207965
0.5995635 0.2446836 0.0001000 0.1556530
0.7196929 0.1914961 0.0435116 0.0452994
0.7617208 0.1931593 0.0450200 0.0001000
0.7185535 0.2069598 0.0743868 0.0000999
0.7496198 0.2501802 0.0001000 0.0001000
0.7481344 0.1681686 0.0835971 0.0000999
0.7622479 0.2323519 0.0053003 0.0001000
0.7223490 0.2030615 0.0453903 0.0291992
0.2653005 0.0000991 0.0464590 0.6881414
0.2305919 0.0000991 0.0669405 0.7023685
0.2733472 0.0000992 0.0453000 0.6812536
0.2208434 0.0089590 0.0172647 0.7529328
0.2060566 0.0000997 0.0471169 0.7467268
0.1534978 0.0000991 0.0572765 0.7891266
0.1939057 0.0000982 0.0684732 0.7375230
0.1502933 0.0038256 0.0001000 0.8457811
0.2028344 0.0000976 0.1154416 0.6816264
0.2905614 0.0261910 0.1504518 0.5327958
0.1946623 0.0000999 0.1141461 0.6910917
0.2362475 0.0000982 0.0701916 0.6934628
0.2250308 0.0000991 0.1003752 0.6744950
0.2243360 0.0000987 0.1521113 0.6234540
0.2556440 0.0000983 0.1252921 0.6189657
0.2407208 0.0000986 0.1182609 0.6409197
0.3109135 0.0432580 0.0001000 0.6457285
0.1816994 0.0371932 0.0001000 0.7810073
0.1506615 0.0000987 0.1891925 0.6600473
0.2793046 0.0225746 0.1494650 0.5486557
0.3573278 0.0130141 0.1194802 0.5101779
0.2419840 0.0127731 0.0001000 0.7451429
0.2104758 0.0321818 0.0228883 0.7344542
0.0475980 0.0000983 0.3573886 0.5949151
0.1371564 0.1677213 0.2360083 0.4591140
0.1921714 0.0250632 0.2441318 0.5386336
0.1767636 0.0784201 0.1976593 0.5471570
0.1953034 0.1540339 0.0001000 0.6505627
0.1317311 0.0503557 0.2909670 0.5269462
0.2194951 0.0823009 0.0399093 0.6582947
0.0888598 0.0516500 0.1260318 0.7334584
0.1834999 0.1224434 0.1896363 0.5044205
0.0610269 0.1245312 0.1083042 0.7061377
0.1339986 0.1118946 0.0996597 0.6544471
0.0452196 0.0021198 0.0653613 0.8872994
0.1324993 0.0862980 0.0455382 0.7356645
0.0050749 0.0088294 0.0001000 0.9859958
0.0001000 0.0283379 0.0001000 0.9714621
0.0001000 0.0300793 0.0001000 0.9697206
0.1395867 0.0001000 0.2889010 0.5714123
0.0677510 0.0197748 0.2970690 0.6154051
0.1344038 0.0280334 0.1235371 0.7140256
0.0300285 0.0597116 0.1854931 0.7247668
0.0525597 0.0000982 0.3548636 0.5924785
0.0001001 0.0532676 0.1685051 0.7781273
0.1980647 0.0000997 0.1154469 0.6863887
0.0289083 0.0608490 0.1352918 0.7749509
0.0633632 0.1585076 0.0079360 0.7701932
0.0982455 0.1247789 0.1426089 0.6343668
0.2183776 0.0555818 0.1446147 0.5814258
0.1129102 0.0592571 0.1532727 0.6745600
0.1513202 0.0941501 0.0089378 0.7455919
0.1250976 0.1192843 0.0266741 0.7289439
0.0970764 0.1388569 0.2820056 0.4820610
0.1637217 0.1053817 0.1217318 0.6091649
0.0001001 0.3082092 0.1714279 0.5202629
0.0001001 0.3325924 0.1258134 0.5414941
0.0008758 0.1053033 0.0023651 0.8914558
0.0866881 0.0958754 0.1528322 0.6646044
0.0984953 0.0732471 0.0770779 0.7511797
0.0001001 0.1877771 0.1579391 0.6541837
0.0350969 0.1181021 0.1208751 0.7259259
0.1088092 0.5442783 0.0001000 0.3468125
0.0615428 0.1022144 0.1974062 0.6388365
0.0416899 0.2099913 0.2212877 0.5270312
0.0001000 0.0123309 0.9874691 0.0001000
0.0001000 0.0140685 0.9857316 0.0001000
0.0928995 0.0501003 0.3039462 0.5530540
0.1656285 0.3936266 0.0232223 0.4175225
0.0323287 0.1083519 0.1429409 0.7163785
0.0209613 0.4162525 0.1782724 0.3845137
0.0001000 0.9849691 0.0072968 0.0076341
0.0001000 0.9964615 0.0009402 0.0024983
0.0001000 0.9892884 0.0020098 0.0086019
0.0037269 0.9871799 0.0041934 0.0048998
0.0001000 0.9830631 0.0167369 0.0001000
0.0001000 0.9805009 0.0013233 0.0180758
0.0001000 0.9849591 0.0093125 0.0056284
0.0002105 0.9922897 0.0050354 0.0024644
0.0006744 0.9948856 0.0001737 0.0042663
0.0001000 0.9997001 0.0001000 0.0001000
0.0001000 0.9997000 0.0001000 0.0001000
0.0001000 0.9997001 0.0001000 0.0001000
0.0001000 0.9997001 0.0001000 0.0001000
0.0001000 0.9997001 0.0001000 0.0001000
0.0001000 0.9997001 0.0001000 0.0001000
0.0001000 0.9997001 0.0001000 0.0001000
0.0001000 0.9997001 0.0001000 0.0001000
0.0001000 0.9997001 0.0001000 0.0001000
