0.8523623 0.1383648 0.1016332 0.1263040 0.1023187 0.0996935 0.1041221 0.1063856 0.0999126 0.0972442 0.0925857 0.1019109 0.0957781 0.0939214 0.0995711 0.0995840 -0.0024590 0.0162004 0.0137647 0.0062075 0.0019300 0.0247177 0.0033429 0.0147732 0.0763271 0.0748608 0.0750632 0.0637750 0.0697108 0.0718777 0.0805311 0.0691001 0.0805924 0.0625264 0.0656644 0.0807450 0.0716723 0.0721513 0.0768612 0.0725407 0.0543743 0.0574921 0.0661505 0.0535111 0.0628099 0.0682562 0.0595720 0.0606704 -0.0038330 0.0467331 0.0290555 0.0151243 0.0300446 0.0384890 0.0382039 0.0174445 0.0168851 0.0215344 0.0629278 0.0345186 0.0674037 0.0548256 0.0544341 0.0545641 0.0384177 0.0528084 0.0326303 0.0609319 0.0334966 0.0644697 0.0343979 0.0093726 0.0135605 0.0419114 0.0350314 0.0318591 0.0257321 0.0030249 0.0222646 -0.0530065 -0.0591817 0.0266798 0.0231346 0.0353015 -0.0096432 0.0126511 -0.1220074 0.0182734 -0.0198863 0.0042398 0.0045745 0.0306696 -0.0659024 0.0185757 -0.0923957 -0.2767704 -0.2812025 -0.2791469 -0.2783915 -0.2773545 -0.2760642 -0.2766161 -0.2791762 -0.2802959 -0.2835047 -0.2842871 -0.2834647 -0.2836168 -0.2848684 -0.2859248 -0.2839328 -0.2861260 -0.2839102
0.1383648 0.8591337 0.1041612 0.1356339 0.1034141 0.1057483 0.1089835 0.1078047 0.1018695 0.1004088 0.0978050 0.1026975 0.1040497 0.0989805 0.1018902 0.1034028 -0.0060779 0.0202083 0.0184352 0.0088835 -0.0023692 0.0238234 0.0051604 0.0099099 0.0776774 0.0764660 0.0783812 0.0668904 0.0727757 0.0750668 0.0825377 0.0740074 0.0801337 0.0648102 0.0663077 0.0825566 0.0726068 0.0762104 0.0802961 0.0763596 0.0576700 0.0590057 0.0676666 0.0579042 0.0641249 0.0704944 0.0564786 0.0588571 -0.0043039 0.0518674 0.0293665 0.0145827 0.0312629 0.0379228 0.0394057 0.0175132 0.0148635 0.0235610 0.0648399 0.0365949 0.0668046 0.0576436 0.0576784 0.0554975 0.0427112 0.0544789 0.0369095 0.0591762 0.0333346 0.0661933 0.0350176 0.0090521 0.0140094 0.0417430 0.0362282 0.0371463 0.0237471 0.0017505 0.0248636 -0.0565013 -0.0605962 0.0268614 0.0231850 0.0337177 -0.0130367 0.0141182 -0.1249755 0.0214495 -0.0214136 0.0025733 0.0017911 0.0330458 -0.0689521 0.0225209 -0.0931959 -0.2856093 -0.2907861 -0.2874326 -0.2868100 -0.2864810 -0.2861083 -0.2850441 -0.2908489 -0.2899069 -0.2931140 -0.2913238 -0.2941165 -0.2922857 -0.2939293 -0.2938941 -0.2932961 -0.2954746 -0.2931319
0.1016332 0.1041612 0.8498302 0.1013493 0.1372278 0.1341743 0.1530273 0.1387020 0.1021016 0.1014018 0.0957174 0.1011567 0.1021075 0.0987082 0.1040087 0.1034040 -0.0014929 0.0152675 0.0193011 0.0034306 -0.0014556 0.0229627 0.0037723 0.0101693 0.0768307 0.0765039 0.0805219 0.0713429 0.0725505 0.0777989 0.0862640 0.0731159 0.0840631 0.0658121 0.0697972 0.0870903 0.0776148 0.0742986 0.0805101 0.0794204 0.0619554 0.0631247 0.0674968 0.0556043 0.0674560 0.0754193 0.0600553 0.0604961 -0.0070569 0.0472143 0.0334345 0.0138207 0.0330503 0.0389289 0.0402047 0.0181845 0.0193402 0.0224578 0.0622960 0.0356892 0.0684132 0.0564505 0.0580287 0.0514163 0.0389492 0.0493774 0.0353490 0.0603363 0.0343196 0.0638425 0.0349788 0.0110169 0.0142855 0.0441518 0.0394751 0.0346253 0.0240109 0.0006593 0.0244559 -0.0586729 -0.0660012 0.0288695 0.0266854 0.0347051 -0.0117559 0.0158657 -0.1246909 0.0140520 -0.0228242 0.0053266 0.0049782 0.0322215 -0.0714869 0.0205942 -0.0972203 -0.2892884 -0.2947038 -0.2920402 -0.2895105 -0.2888458 -0.2874719 -0.2892252 -0.2915168 -0.2938128 -0.2971555 -0.2962044 -0.2973651 -0.2964665 -0.2971297 -0.2988377 -0.2970326 -0.2992429 -0.2986456
0.1263040 0.1356339 0.1013493 0.8604702 0.0982021 0.1005680 0.1006864 0.1040070 0.0989470 0.0935048 0.0942473 0.0963303 0.0940912 0.0944750 0.0987051 0.0998503 -0.0017689 0.0167304 0.0165071 0.0043251 -0.0028981 0.0217077 0.0047167 0.0130070 0.0772826 0.0738533 0.0773006 0.0695152 0.0718356 0.0740230 0.0809869 0.0715312 0.0814430 0.0630012 0.0672647 0.0799075 0.0725911 0.0758707 0.0778244 0.0753090 0.0572831 0.0602404 0.0714488 0.0575689 0.0657638 0.0700651 0.0573621 0.0605916 -0.0029167 0.0494661 0.0333366 0.0140143 0.0310840 0.0386547 0.0422871 0.0172622 0.0182248 0.0247726 0.0644337 0.0383109 0.0652493 0.0555625 0.0569501 0.0555326 0.0429277 0.0504902 0.0328305 0.0621550 0.0334533 0.0667590 0.0352342 0.0127250 0.0130082 0.0425790 0.0380345 0.0340621 0.0250278 0.0038623 0.0242606 -0.0543350 -0.0589674 0.0277615 0.0276324 0.0370072 -0.0115435 0.0130684 -0.1231110 0.0193979 -0.0209952 0.0050783 0.0058660 0.0340386 -0.0672763 0.0206817 -0.0905338 -0.2795939 -0.2835545 -0.2800322 -0.2792569 -0.2801219 -0.2777573 -0.2789063 -0.2824080 -0.2831489 -0.2873800 -0.2855323 -0.2866831 -0.2864174 -0.2865365 -0.2873426 -0.2853561 -0.2890772 -0.2851885
0.1023187 0.1034141 0.1372278 0.0982021 0.8548367 0.1437917 0.1493290 0.1432876 0.0992433 0.0975192 0.0934072 0.0994145 0.0983619 0.0960952 0.1000317 0.1026636 -0.0054312 0.0178005 0.0151672 0.0052367 -0.0016961 0.0229622 0.0050496 0.0112717 0.0794756 0.0760911 0.0799704 0.0687286 0.0726684 0.0760903 0.0857535 0.0735205 0.0834910 0.0653304 0.0657975 0.0859396 0.0745458 0.0759692 0.0826492 0.0765649 0.0635235 0.0624522 0.0673288 0.0569929 0.0666341 0.0716326 0.0612531 0.0581259 -0.0037650 0.0493728 0.0308351 0.0172849 0.0309233 0.0397672 0.0398774 0.0171104 0.0177719 0.0230976 0.0636989 0.0312999 0.0689992 0.0606918 0.0587139 0.0535165 0.0440131 0.0536036 0.0354806 0.0582905 0.0352029 0.0692407 0.0352587 0.0089688 0.0123505 0.0440968 0.0398861 0.0359250 0.0238600 0.0004584 0.0243009 -0.0577883 -0.0657831 0.0288003 0.0238896 0.0342654 -0.0095141 0.0168658 -0.1246815 0.0165069 -0.0201498 0.0062951 0.0062514 0.0341024 -0.0701519 0.0178964 -0.0927607 -0.2883019 -0.2920150 -0.2887364 -0.2872472 -0.2873055 -0.2856686 -0.2869802 -0.2893125 -0.2901706 -0.2942082 -0.2947791 -0.2951305 -0.2944749 -0.2958632 -0.2961694 -0.2945285 -0.2978428 -0.2945770
0.0996935 0.1057483 0.1341743 0.1005680 0.1437917 0.8559429 0.1463327 0.1407045 0.1004214 0.0991575 0.0944696 0.1025523 0.0986076 0.0973171 0.1018174 0.1037824 -0.0033659 0.0156539 0.0174205 0.0052198 -0.0021254 0.0220368 0.0037968 0.0105421 0.0803374 0.0784347 0.0798824 0.0690730 0.0747473 0.0783549 0.0818846 0.0721838 0.0852544 0.0650002 0.0648773 0.0829316 0.0706793 0.0714971 0.0759354 0.0764199 0.0611037 0.0610160 0.0700714 0.0555187 0.0668281 0.0713769 0.0603310 0.0569866 -0.0050400 0.0465431 0.0277144 0.0165810 0.0308044 0.0395370 0.0377833 0.0191485 0.0134813 0.0213266 0.0608165 0.0325319 0.0677117 0.0558964 0.0564695 0.0547566 0.0419322 0.0535439 0.0345122 0.0566988 0.0370156 0.0675435 0.0319121 0.0085930 0.0119975 0.0425394 0.0379999 0.0343511 0.0245982 -0.0017973 0.0246891 -0.0573959 -0.0666644 0.0286094 0.0265379 0.0350889 -0.0124062 0.0188797 -0.1244029 0.0147709 -0.0208295 0.0024868 0.0013383 0.0330217 -0.0688364 0.0164590 -0.0922270 -0.2871610 -0.2903917 -0.2894616 -0.2871908 -0.2865705 -0.2852867 -0.2866156 -0.2902155 -0.2890682 -0.2956571 -0.2930041 -0.2939342 -0.2950549 -0.2958878 -0.2948471 -0.2930618 -0.2949784 -0.2956689
0.1041221 0.1089835 0.1530273 0.1006864 0.1493290 0.1463327 0.8553866 0.1543532 0.1036061 0.1031459 0.0977633 0.1058252 0.1024954 0.1038223 0.1024375 0.1066678 -0.0057241 0.0175286 0.0195467 0.0089535 -0.0013417 0.0228996 0.0049154 0.0072975 0.0795787 0.0783827 0.0806995 0.0711947 0.0741532 0.0797561 0.0852406 0.0753225 0.0858307 0.0673489 0.0698870 0.0866706 0.0727723 0.0767982 0.0819863 0.0820195 0.0625804 0.0607888 0.0692481 0.0571517 0.0660340 0.0717956 0.0606990 0.0584654 -0.0046990 0.0482755 0.0309438 0.0150977 0.0306408 0.0401819 0.0374461 0.0184035 0.0188106 0.0216251 0.0613870 0.0291315 0.0667110 0.0593094 0.0583176 0.0555992 0.0447320 0.0555204 0.0382031 0.0592312 0.0355033 0.0700728 0.0338488 0.0093172 0.0122039 0.0441901 0.0401716 0.0361223 0.0244718 0.0008851 0.0239398 -0.0590729 -0.0668039 0.0285117 0.0268476 0.0330851 -0.0116689 0.0164680 -0.1296402 0.0142797 -0.0220796 0.0045837 0.0043541 0.0313776 -0.0727749 0.0161922 -0.0988210 -0.2953902 -0.3008161 -0.2974459 -0.2971402 -0.2963525 -0.2933460 -0.2965845 -0.2994004 -0.2990023 -0.3039038 -0.3022305 -0.3047493 -0.3023391 -0.3047753 -0.3045121 -0.3039831 -0.3026751 -0.3038034
0.1063856 0.1078047 0.1387020 0.1040070 0.1432876 0.1407045 0.1543532 0.8572649 0.1046356 0.1002616 0.0974435 0.1069289 0.1003659 0.1020128 0.1046665 0.1049007 -0.0041427 0.0151334 0.0206288 0.0067120 -0.0010372 0.0248566 0.0049151 0.0074220 0.0802660 0.0800476 0.0803106 0.0707060 0.0743185 0.0772631 0.0852493 0.0753475 0.0871558 0.0669786 0.0683436 0.0872198 0.0750763 0.0770582 0.0821491 0.0798715 0.0638474 0.0615933 0.0706946 0.0583071 0.0649834 0.0745455 0.0600322 0.0602921 -0.0049337 0.0493471 0.0287790 0.0195336 0.0307698 0.0414794 0.0414591 0.0177821 0.0181469 0.0196496 0.0609160 0.0337975 0.0697694 0.0586585 0.0588744 0.0531190 0.0427626 0.0550413 0.0358355 0.0600964 0.0376880 0.0682052 0.0357863 0.0116116 0.0128257 0.0467939 0.0394017 0.0370666 0.0260645 0.0004624 0.0251060 -0.0582009 -0.0659176 0.0281659 0.0273740 0.0359220 -0.0081585 0.0169963 -0.1276629 0.0195726 -0.0216786 0.0053296 0.0046767 0.0335722 -0.0712816 0.0202489 -0.0941298 -0.2943471 -0.2988217 -0.2956316 -0.2942751 -0.2947417 -0.2929219 -0.2944647 -0.2978745 -0.2984786 -0.3020352 -0.3017034 -0.3014114 -0.3021103 -0.3027620 -0.3036768 -0.3013172 -0.3037844 -0.3022754
0.0999126 0.1018695 0.1021016 0.0989470 0.0992433 0.1004214 0.1036061 0.1046356 0.8579212 0.1310316 0.1333997 0.1324623 0.1341877 0.1287756 0.1065956 0.1086424 -0.0047350 0.0169127 0.0169183 0.0098380 -0.0025274 0.0216634 0.0065027 0.0108635 0.0803639 0.0755415 0.0788791 0.0711371 0.0738964 0.0778379 0.0833873 0.0756664 0.0844998 0.0656477 0.0659771 0.0841373 0.0732896 0.0748975 0.0780554 0.0771875 0.0607135 0.0561992 0.0674522 0.0617004 0.0688305 0.0722241 0.0633931 0.0612313 -0.0046225 0.0486870 0.0329056 0.0114232 0.0300004 0.0400275 0.0448944 0.0190381 0.0161036 0.0252904 0.0617436 0.0347476 0.0668876 0.0579919 0.0590579 0.0533670 0.0420561 0.0560229 0.0370724 0.0612200 0.0368233 0.0692472 0.0358891 0.0107713 0.0180572 0.0423487 0.0377659 0.0340186 0.0202785 0.0018455 0.0253426 -0.0566888 -0.0603096 0.0298729 0.0211410 0.0376013 -0.0128359 0.0148973 -0.1219872 0.0201107 -0.0211629 0.0000216 0.0004790 0.0354097 -0.0721563 0.0201916 -0.0945880 -0.2905470 -0.2941638 -0.2904749 -0.2898746 -0.2890835 -0.2886871 -0.2899031 -0.2929330 -0.2938004 -0.2969170 -0.2968547 -0.2958310 -0.2969932 -0.2980360 -0.2974334 -0.2978873 -0.3006298 -0.2969190
0.0972442 0.1004088 0.1014018 0.0935048 0.0975192 0.0991575 0.1031459 0.1002616 0.1310316 0.8538002 0.1218424 0.1298464 0.1427763 0.1280415 0.0997055 0.1036611 -0.0061831 0.0160056 0.0134294 0.0094757 -0.0022796 0.0203573 0.0049959 0.0123759 0.0765179 0.0742750 0.0753457 0.0696801 0.0715373 0.0734924 0.0799112 0.0716247 0.0826825 0.0636191 0.0662089 0.0833424 0.0684930 0.0716802 0.0787093 0.0771030 0.0570005 0.0569993 0.0668429 0.0597930 0.0649284 0.0683837 0.0589971 0.0601381 -0.0067578 0.0479516 0.0305341 0.0163135 0.0303719 0.0410895 0.0380750 0.0187414 0.0160455 0.0215982 0.0598506 0.0332112 0.0657227 0.0560677 0.0551184 0.0497944 0.0425125 0.0527863 0.0344435 0.0595738 0.0337920 0.0635135 0.0323230 0.0101558 0.0157787 0.0399897 0.0355900 0.0335118 0.0208480 0.0011288 0.0243613 -0.0545109 -0.0630133 0.0280018 0.0234497 0.0361367 -0.0136183 0.0165750 -0.1212689 0.0153236 -0.0215961 0.0017577 0.0026912 0.0323255 -0.0695093 0.0170155 -0.0902592 -0.2828647 -0.2859023 -0.2848661 -0.2817600 -0.2810004 -0.2796041 -0.2822742 -0.2838632 -0.2853093 -0.2888687 -0.2888668 -0.2891402 -0.2879821 -0.2898057 -0.2903992 -0.2887627 -0.2908070 -0.2896980
0.0925857 0.0978050 0.0957174 0.0942473 0.0934072 0.0944696 0.0977633 0.0974435 0.1333997 0.1218424 0.8672631 0.1342262 0.1276134 0.1236152 0.1018342 0.1013241 -0.0038957 0.0163556 0.0181564 0.0061829 -0.0015207 0.0198459 0.0049724 0.0094179 0.0749832 0.0730999 0.0756423 0.0697467 0.0730984 0.0737210 0.0814585 0.0701957 0.0811104 0.0628049 0.0650092 0.0828429 0.0724464 0.0724593 0.0779454 0.0740985 0.0590272 0.0584268 0.0680650 0.0586633 0.0647324 0.0705614 0.0589210 0.0591605 -0.0043958 0.0463111 0.0333078 0.0134936 0.0309465 0.0374589 0.0411634 0.0179310 0.0169718 0.0247859 0.0636673 0.0365494 0.0651702 0.0555162 0.0559275 0.0524841 0.0411082 0.0533731 0.0356708 0.0592102 0.0346509 0.0628984 0.0335841 0.0090407 0.0160519 0.0415104 0.0385665 0.0334097 0.0217813 0.0033492 0.0216537 -0.0536306 -0.0596138 0.0279222 0.0253414 0.0355318 -0.0127263 0.0141188 -0.1192258 0.0187494 -0.0225224 0.0044801 0.0051807 0.0354465 -0.0705994 0.0212974 -0.0910824 -0.2779880 -0.2830867 -0.2802297 -0.2777721 -0.2785016 -0.2771645 -0.2784562 -0.2813848 -0.2815806 -0.2838551 -0.2851349 -0.2855990 -0.2855241 -0.2873918 -0.2867958 -0.2878115 -0.2897749 -0.2861035
0.1019109 0.1026975 0.1011567 0.0963303 0.0994145 0.1025523 0.1058252 0.1069289 0.1324623 0.1298464 0.1342262 0.8631530 0.1343801 0.1297678 0.1008414 0.1073931 -0.0057490 0.0178104 0.0170011 0.0077231 -0.0036838 0.0224799 0.0058361 0.0091110 0.0755878 0.0724955 0.0770856 0.0694003 0.0719578 0.0730966 0.0809054 0.0717897 0.0819853 0.0642197 0.0690361 0.0858456 0.0730178 0.0717622 0.0787132 0.0750330 0.0605665 0.0574469 0.0701161 0.0582586 0.0673909 0.0692303 0.0617017 0.0583974 -0.0079356 0.0457895 0.0309149 0.0136174 0.0321535 0.0409200 0.0404237 0.0158841 0.0168542 0.0272306 0.0612329 0.0323312 0.0639103 0.0553004 0.0562323 0.0507520 0.0423898 0.0522968 0.0367134 0.0588739 0.0349961 0.0669047 0.0355902 0.0082236 0.0153877 0.0390317 0.0355314 0.0350323 0.0212651 -0.0009293 0.0243135 -0.0537882 -0.0617001 0.0272793 0.0237878 0.0328156 -0.0158235 0.0146807 -0.1198485 0.0161065 -0.0223774 0.0023158 0.0024906 0.0309624 -0.0684643 0.0157941 -0.0936917 -0.2857498 -0.2887249 -0.2859829 -0.2848380 -0.2849652 -0.2841418 -0.2850358 -0.2867081 -0.2896054 -0.2905757 -0.2906614 -0.2914573 -0.2919530 -0.2921270 -0.2923827 -0.2927297 -0.2945514 -0.2929538
0.0957781 0.1040497 0.1021075 0.0940912 0.0983619 0.0986076 0.1024954 0.1003659 0.1341877 0.1427763 0.1276134 0.1343801 0.8611297 0.1358368 0.1032935 0.1046710 -0.0081735 0.0170968 0.0167889 0.0069075 -0.0030787 0.0225450 0.0048390 0.0095935 0.0765169 0.0746416 0.0803034 0.0695099 0.0734418 0.0754024 0.0822863 0.0733498 0.0849342 0.0651984 0.0643005 0.0839779 0.0741154 0.0757500 0.0808284 0.0755796 0.0583786 0.0572777 0.0695649 0.0625944 0.0662178 0.0711597 0.0630424 0.0579300 -0.0056822 0.0492221 0.0281496 0.0175644 0.0341752 0.0365639 0.0421221 0.0171325 0.0157116 0.0243408 0.0638155 0.0334749 0.0690283 0.0564929 0.0574059 0.0505428 0.0453651 0.0543071 0.0346299 0.0588264 0.0347121 0.0662695 0.0340492 0.0109277 0.0132133 0.0432704 0.0374212 0.0357499 0.0221169 0.0025662 0.0249523 -0.0583931 -0.0636057 0.0268138 0.0217433 0.0366119 -0.0145307 0.0140846 -0.1239155 0.0163952 -0.0223444 0.0011440 0.0021855 0.0333422 -0.0731621 0.0190744 -0.0951028 -0.2882189 -0.2928233 -0.2898636 -0.2862797 -0.2864798 -0.2861429 -0.2882000 -0.2904397 -0.2916209 -0.2946132 -0.2953747 -0.2943247 -0.2958201 -0.2970797 -0.2968937 -0.2950752 -0.2986343 -0.2961763
0.0939214 0.0989805 0.0987082 0.0944750 0.0960952 0.0973171 0.1038223 0.1020128 0.1287756 0.1280415 0.1236152 0.1297678 0.1358368 0.8631914 0.1034514 0.0983963 -0.0022529 0.0178403 0.0190062 0.0053732 -0.0019000 0.0232128 0.0040444 0.0117485 0.0779396 0.0699869 0.0747807 0.0695834 0.0734564 0.0724025 0.0787149 0.0713422 0.0788128 0.0637243 0.0653844 0.0834012 0.0729066 0.0718254 0.0772587 0.0772912 0.0573721 0.0585974 0.0696391 0.0589922 0.0646917 0.0705473 0.0607143 0.0607540 -0.0054398 0.0470624 0.0302295 0.0146063 0.0300303 0.0369007 0.0408311 0.0189114 0.0143285 0.0237066 0.0629162 0.0340485 0.0669043 0.0552845 0.0558703 0.0523000 0.0425671 0.0517316 0.0335442 0.0609204 0.0349147 0.0641651 0.0328416 0.0076940 0.0145159 0.0419701 0.0384075 0.0370635 0.0242231 0.0013684 0.0231355 -0.0564987 -0.0618037 0.0254876 0.0227819 0.0345749 -0.0146539 0.0147133 -0.1213562 0.0157515 -0.0223228 0.0028851 0.0033514 0.0341018 -0.0719387 0.0237913 -0.0938172 -0.2830250 -0.2869504 -0.2843242 -0.2833650 -0.2829849 -0.2807891 -0.2835402 -0.2852927 -0.2867163 -0.2889534 -0.2894579 -0.2900375 -0.2887236 -0.2916964 -0.2918903 -0.2900510 -0.2917644 -0.2917398
0.0995711 0.1018902 0.1040087 0.0987051 0.1000317 0.1018174 0.1024375 0.1046665 0.1065956 0.0997055 0.1018342 0.1008414 0.1032935 0.1034514 0.8577080 0.1052566 -0.0015886 0.0163407 0.0171568 0.0044700 -0.0002128 0.0268825 0.0048631 0.0106251 0.0760671 0.0758980 0.0802420 0.0693929 0.0734967 0.0757395 0.0837981 0.0711223 0.0832566 0.0641932 0.0702057 0.0807392 0.0718627 0.0771481 0.0785501 0.0773810 0.0591904 0.0601409 0.0682681 0.0597041 0.0646039 0.0737034 0.0565702 0.0607818 -0.0046467 0.0484405 0.0338399 0.0158457 0.0321133 0.0421755 0.0437626 0.0161788 0.0188806 0.0286562 0.0643827 0.0370029 0.0673035 0.0573823 0.0555264 0.0499720 0.0431942 0.0513427 0.0360910 0.0613563 0.0343030 0.0663365 0.0356049 0.0129543 0.0168376 0.0408253 0.0372084 0.0338849 0.0222306 0.0019022 0.0254117 -0.0521255 -0.0597462 0.0308237 0.0293770 0.0376101 -0.0097727 0.0160700 -0.1216785 0.0186467 -0.0198181 0.0035384 0.0039447 0.0315739 -0.0656509 0.0188072 -0.0899108 -0.2808131 -0.2867878 -0.2854206 -0.2829174 -0.2821238 -0.2800710 -0.2840984 -0.2852017 -0.2855766 -0.2897964 -0.2890960 -0.2894661 -0.2892665 -0.2897440 -0.2912844 -0.2898954 -0.2915707 -0.2910148
0.0995840 0.1034028 0.1034040 0.0998503 0.1026636 0.1037824 0.1066678 0.1049007 0.1086424 0.1036611 0.1013241 0.1073931 0.1046710 0.0983963 0.1052566 0.8575904 -0.0069937 0.0163777 0.0158352 0.0088813 -0.0014628 0.0226500 0.0047454 0.0115641 0.0795040 0.0804317 0.0816403 0.0700564 0.0763685 0.0777127 0.0860349 0.0778045 0.0906299 0.0646792 0.0709977 0.0862339 0.0727377 0.0784790 0.0806030 0.0772962 0.0624603 0.0626388 0.0740988 0.0578833 0.0655577 0.0753509 0.0624180 0.0596699 -0.0022703 0.0483510 0.0342376 0.0157174 0.0330048 0.0432271 0.0427515 0.0163574 0.0175575 0.0281298 0.0644008 0.0374069 0.0705355 0.0585538 0.0581951 0.0530381 0.0456837 0.0562631 0.0374188 0.0610257 0.0342262 0.0673585 0.0390080 0.0111170 0.0179380 0.0451133 0.0372426 0.0399281 0.0246214 0.0018388 0.0260141 -0.0520653 -0.0600740 0.0307696 0.0252010 0.0351508 -0.0086625 0.0167541 -0.1228818 0.0196292 -0.0191618 0.0028230 0.0032603 0.0346821 -0.0488241 0.0174100 -0.0923079 -0.2865123 -0.2910825 -0.2888498 -0.2844491 -0.2863285 -0.2834307 -0.2865318 -0.2890027 -0.2906160 -0.2933153 -0.2937420 -0.2940897 -0.2938976 -0.2952637 -0.2960053 -0.2949232 -0.2961403 -0.2948200
-0.0024590 -0.0060779 -0.0014929 -0.0017689 -0.0054312 -0.0033659 -0.0057241 -0.0041427 -0.0047350 -0.0061831 -0.0038957 -0.0057490 -0.0081735 -0.0022529 -0.0015886 -0.0069937 0.9594411 0.0113381 0.0138417 0.0256731 0.0222093 0.0069351 0.0119606 0.0277195 -0.0108526 -0.0109474 -0.0118117 -0.0052724 -0.0125933 -0.0107903 -0.0141827 -0.0168999 -0.0153672 -0.0027022 -0.0043874 -0.0108636 -0.0066448 -0.0065407 -0.0105306 -0.0103774 -0.0026084 -0.0042029 -0.0140372 -0.0103074 -0.0118048 -0.0051347 -0.0033696 -0.0146806 0.0015338 -0.0119902 -0.0079151 -0.0037311 -0.0186918 -0.0046995 -0.0000612 -0.0112221 -0.0025100 -0.0108911 -0.0162508 -0.0087038 -0.0096774 -0.0159691 -0.0145943 -0.0112012 -0.0103741 -0.0098578 -0.0146950 -0.0142674 -0.0107979 -0.0116638 -0.0115317 -0.0060442 -0.0035641 -0.0071420 -0.0077039 -0.0129301 -0.0078219 -0.0129241 -0.0054995 -0.0025493 -0.0025102 -0.0075271 -0.0014270 -0.0079529 -0.0045439 -0.0111150 -0.0037978 -0.0058800 -0.0041134 -0.0210937 -0.0201123 -0.0191616 -0.0085505 -0.0027026 -0.0031622 0.0070004 0.0057894 0.0068674 0.0073020 0.0066975 0.0063715 0.0078799 0.0076127 0.0061428 0.0060975 0.0061148 0.0045656 0.0055311 0.0045306 0.0040676 0.0065109 -0.0001293 0.0041664
0.0162004 0.0202083 0.0152675 0.0167304 0.0178005 0.0156539 0.0175286 0.0151334 0.0169127 0.0160056 0.0163556 0.0178104 0.0170968 0.0178403 0.0163407 0.0163777 0.0113381 0.9295448 0.0268739 0.0227018 0.0142811 0.0186200 0.0171155 0.0192471 0.0078592 0.0006261 0.0043107 0.0035318 0.0082727 0.0029007 0.0036724 0.0013104 0.0045551 0.0099491 0.0015185 0.0037959 0.0057486 0.0052893 0.0049131 0.0021172 0.0068048 -0.0035452 0.0059920 0.0042581 0.0058734 0.0032688 0.0029265 0.0000290 -0.0089491 -0.0017788 0.0011645 -0.0136226 -0.0074390 0.0045764 -0.0067549 -0.0083264 -0.0043292 -0.0012569 -0.0001321 -0.0012685 0.0012297 -0.0039848 -0.0037811 -0.0000302 -0.0008326 -0.0020186 -0.0046600 -0.0005323 -0.0076313 0.0018053 -0.0046620 -0.0018445 -0.0025880 0.0018046 0.0009303 0.0078914 -0.0043043 -0.0033031 0.0025893 -0.0140826 -0.0169612 0.0013963 0.0024858 -0.0004440 -0.0033411 0.0023899 -0.0244421 -0.0057702 -0.0101604 -0.0107873 -0.0100557 -0.0008656 -0.0145562 -0.0079608 -0.0155094 -0.0484764 -0.0527162 -0.0504588 -0.0479713 -0.0494948 -0.0486469 -0.0509304 -0.0516215 -0.0495530 -0.0508451 -0.0527451 -0.0545844 -0.0553969 -0.0544687 -0.0536405 -0.0535989 -0.0575157 -0.0523897
0.0137647 0.0184352 0.0193011 0.0165071 0.0151672 0.0174205 0.0195467 0.0206288 0.0169183 0.0134294 0.0181564 0.0170011 0.0167889 0.0190062 0.0171568 0.0158352 0.0138417 0.0268739 0.9381508 0.0200175 0.0224817 0.0211737 0.0139145 0.0213844 0.0065987 0.0064890 0.0090468 0.0037398 0.0049059 0.0028066 0.0044867 0.0009687 0.0034639 0.0096689 -0.0028597 0.0091963 0.0037089 0.0038687 0.0046372 0.0078010 0.0041648 -0.0012470 0.0026036 0.0002353 0.0131715 0.0055746 0.0010013 0.0011310 -0.0039889 0.0019703 0.0000053 -0.0132999 -0.0014496 0.0030434 0.0002890 -0.0001624 -0.0080907 -0.0054775 -0.0014932 0.0016119 0.0004132 -0.0025428 -0.0010378 0.0055752 -0.0024120 -0.0017261 -0.0029134 0.0021172 -0.0100631 0.0026338 -0.0095878 -0.0115400 -0.0057195 0.0028271 -0.0008540 0.0002429 -0.0028616 -0.0092001 -0.0033315 -0.0118482 -0.0101738 -0.0053364 0.0054271 -0.0076557 -0.0086993 -0.0025380 -0.0288772 -0.0054539 -0.0220292 -0.0101809 -0.0109099 -0.0024458 -0.0184500 -0.0051168 -0.0243154 -0.0474517 -0.0512415 -0.0503379 -0.0485703 -0.0473294 -0.0475278 -0.0488837 -0.0492683 -0.0513891 -0.0491372 -0.0512375 -0.0537999 -0.0518662 -0.0521388 -0.0542450 -0.0512217 -0.0528670 -0.0543701
0.0062075 0.0088835 0.0034306 0.0043251 0.0052367 0.0052198 0.0089535 0.0067120 0.0098380 0.0094757 0.0061829 0.0077231 0.0069075 0.0053732 0.0044700 0.0088813 0.0256731 0.0227018 0.0200175 0.9607974 0.0143624 0.0258373 0.0307476 0.0187556 -0.0028776 -0.0046183 -0.0040526 -0.0046002 -0.0052275 -0.0067551 -0.0089926 -0.0082141 -0.0057358 0.0028826 -0.0055418 -0.0015159 0.0016174 -0.0049865 -0.0038437 -0.0061364 -0.0076758 -0.0094068 -0.0108195 -0.0068653 -0.0022715 -0.0080190 -0.0110416 -0.0020910 -0.0049062 -0.0028792 -0.0014642 -0.0047856 0.0006139 -0.0036375 -0.0063132 -0.0181100 -0.0072818 -0.0035490 -0.0070731 -0.0009478 -0.0071635 -0.0106979 -0.0100504 -0.0115532 -0.0037563 -0.0095866 -0.0057683 -0.0022673 -0.0155795 -0.0023802 -0.0111835 -0.0129692 -0.0079218 0.0071118 0.0002542 -0.0111726 -0.0100434 -0.0133422 -0.0088474 -0.0104368 -0.0232159 -0.0094770 -0.0172613 -0.0040614 -0.0166544 -0.0072874 -0.0101618 -0.0029325 -0.0067952 -0.0087022 -0.0083043 -0.0057427 -0.0060086 -0.0231752 -0.0089018 -0.0194249 -0.0228566 -0.0199652 -0.0185958 -0.0168750 -0.0195684 -0.0207899 -0.0172283 -0.0181863 -0.0194222 -0.0189552 -0.0210397 -0.0192463 -0.0217204 -0.0199644 -0.0204678 -0.0220016 -0.0240345
0.0019300 -0.0023692 -0.0014556 -0.0028981 -0.0016961 -0.0021254 -0.0013417 -0.0010372 -0.0025274 -0.0022796 -0.0015207 -0.0036838 -0.0030787 -0.0019000 -0.0002128 -0.0014628 0.0222093 0.0142811 0.0224817 0.0143624 0.9696407 0.0189208 0.0163555 0.0242050 -0.0111597 -0.0083113 -0.0043632 -0.0103574 -0.0111555 -0.0154768 -0.0090599 -0.0160927 -0.0157800 -0.0027241 -0.0138697 -0.0108030 -0.0160904 -0.0076624 -0.0111099 -0.0090426 -0.0047976 -0.0108181 -0.0132806 -0.0115169 -0.0084759 -0.0081460 -0.0095791 -0.0178637 -0.0022194 -0.0059311 -0.0115140 -0.0031109 -0.0079816 -0.0127900 -0.0151043 -0.0131740 -0.0104481 -0.0159392 -0.0176457 -0.0101387 -0.0136052 -0.0106597 -0.0117132 -0.0073389 -0.0112171 -0.0145783 -0.0122631 -0.0193830 -0.0150172 -0.0076108 -0.0100600 -0.0082082 -0.0076593 -0.0060572 -0.0058964 -0.0182498 -0.0097395 -0.0012885 -0.0130865 -0.0065587 -0.0074363 -0.0103369 -0.0098458 -0.0049886 -0.0109248 -0.0150745 0.0004461 -0.0065605 -0.0036769 -0.0147040 -0.0150174 -0.0052792 -0.0034967 -0.0029109 -0.0068486 0.0052442 0.0055488 0.0074476 0.0072864 0.0076509 0.0065611 0.0061547 0.0067382 0.0056172 0.0057068 0.0042027 0.0038050 0.0053075 0.0025777 0.0041619 0.0042976 0.0002842 0.0038642
0.0247177 0.0238234 0.0229627 0.0217077 0.0229622 0.0220368 0.0228996 0.0248566 0.0216634 0.0203573 0.0198459 0.0224799 0.0225450 0.0232128 0.0268825 0.0226500 0.0069351 0.0186200 0.0211737 0.0258373 0.0189208 0.9415615 0.0213478 0.0275295 0.0047193 0.0104388 0.0092492 0.0116973 0.0047039 0.0034387 0.0067971 0.0042651 0.0059970 0.0125624 0.0049012 0.0095293 0.0062647 0.0103041 0.0036315 0.0100279 0.0037908 -0.0009814 0.0046471 0.0039533 0.0085235 0.0037997 0.0015433 0.0043960 -0.0026825 -0.0001445 0.0052554 -0.0016980 0.0086995 0.0004502 -0.0025629 -0.0084868 -0.0089245 0.0025662 0.0066947 0.0056169 -0.0010114 0.0023246 0.0028887 0.0007576 -0.0051424 -0.0022162 -0.0050366 0.0044219 -0.0065863 0.0056541 -0.0096509 -0.0069072 -0.0047449 0.0064406 0.0023231 -0.0001985 -0.0005951 0.0010177 0.0109978 -0.0164055 -0.0237622 -0.0054305 -0.0077693 0.0051424 -0.0136328 -0.0007733 -0.0294075 -0.0028821 -0.0147848 -0.0050458 -0.0041165 -0.0011256 -0.0176137 -0.0079065 -0.0235805 -0.0630882 -0.0646470 -0.0642456 -0.0613580 -0.0617652 -0.0628095 -0.0606808 -0.0625008 -0.0641873 -0.0636568 -0.0633828 -0.0636607 -0.0627685 -0.0650656 -0.0632337 -0.0670243 -0.0666547 -0.0663701
0.0033429 0.0051604 0.0037723 0.0047167 0.0050496 0.0037968 0.0049154 0.0049151 0.0065027 0.0049959 0.0049724 0.0058361 0.0048390 0.0040444 0.0048631 0.0047454 0.0119606 0.0171155 0.0139145 0.0307476 0.0163555 0.0213478 0.9460896 0.0218846 -0.0041293 -0.0079365 -0.0070047 -0.0067848 -0.0067286 -0.0071641 -0.0029793 -0.0076714 -0.0063182 0.0014771 -0.0072913 -0.0073115 -0.0071619 -0.0054452 -0.0086390 -0.0060732 -0.0012787 -0.0070824 -0.0072508 -0.0049162 -0.0075524 -0.0036330 -0.0089296 -0.0063867 -0.0097174 -0.0040195 -0.0006759 -0.0041791 -0.0063860 -0.0056649 -0.0097680 -0.0098189 -0.0142189 0.0005692 -0.0052031 -0.0031205 -0.0109246 -0.0093985 -0.0077464 -0.0125569 -0.0105470 -0.0057211 -0.0113040 -0.0072007 -0.0129312 -0.0045673 -0.0161637 -0.0089752 -0.0114436 0.0021853 -0.0063308 -0.0124768 -0.0075790 -0.0116849 -0.0040738 -0.0049513 -0.0160192 -0.0060205 -0.0091766 -0.0004702 -0.0075434 -0.0063183 -0.0147101 0.0029531 -0.0044446 -0.0134570 -0.0127163 -0.0089808 -0.0100785 -0.0111513 -0.0069446 -0.0116968 -0.0121234 -0.0134924 -0.0081790 -0.0117783 -0.0089001 -0.0102705 -0.0104472 -0.0115419 -0.0110433 -0.0131765 -0.0140268 -0.0116440 -0.0125762 -0.0124401 -0.0139318 -0.0159785 -0.0110831
0.0147732 0.0099099 0.0101693 0.0130070 0.0112717 0.0105421 0.0072975 0.0074220 0.0108635 0.0123759 0.0094179 0.0091110 0.0095935 0.0117485 0.0106251 0.0115641 0.0277195 0.0192471 0.0213844 0.0187556 0.0242050 0.0275295 0.0218846 0.9425921 0.0038255 0.0077941 0.0004003 0.0052610 0.0007485 -0.0008526 -0.0001909 0.0015143 -0.0015670 0.0072243 -0.0047348 0.0035636 0.0029293 0.0058635 0.0035339 0.0002282 0.0048612 -0.0027384 -0.0025200 -0.0001222 0.0042644 0.0037005 0.0027050 -0.0056363 -0.0079001 -0.0017067 0.0027539 0.0003599 -0.0047167 -0.0018388 0.0025737 -0.0090472 -0.0053699 -0.0045381 -0.0028416 -0.0073575 0.0006469 -0.0024810 -0.0017831 -0.0064675 -0.0063565 -0.0071249 -0.0067511 -0.0054884 -0.0040158 0.0054657 -0.0050215 -0.0012786 -0.0019994 -0.0014391 -0.0013752 -0.0019228 0.0000998 -0.0016418 -0.0080536 -0.0131871 -0.0223075 -0.0074239 -0.0027023 -0.0025991 -0.0039530 -0.0078525 -0.0181209 -0.0084075 -0.0157007 -0.0042616 -0.0046388 -0.0069143 -0.0143532 -0.0070979 -0.0153198 -0.0396972 -0.0398701 -0.0411048 -0.0372592 -0.0367481 -0.0373380 -0.0366651 -0.0371611 -0.0380154 -0.0398700 -0.0398928 -0.0386796 -0.0427748 -0.0413985 -0.0404956 -0.0411039 -0.0429081 -0.0412741
0.0763271 0.0776774 0.0768307 0.0772826 0.0794756 0.0803374 0.0795787 0.0802660 0.0803639 0.0765179 0.0749832 0.0755878 0.0765169 0.0779396 0.0760671 0.0795040 -0.0108526 0.0078592 0.0065987 -0.0028776 -0.0111597 0.0047193 -0.0041293 0.0038255 0.8477594 0.0749543 0.0783417 0.0874637 0.0993741 0.1102075 0.1121028 0.0918675 0.0824331 0.0588405 0.0655139 0.0818344 0.0705754 0.0698870 0.0717719 0.0772817 0.0535422 0.0553738 0.0688090 0.0555100 0.0630795 0.0679411 0.0552469 0.0551896 -0.0041657 0.0401994 0.0264378 0.0175728 0.0280018 0.0379048 0.0345818 0.0222655 0.0204177 0.0227270 0.0612185 0.0339627 0.0603570 0.0504893 0.0506199 0.0545988 0.0438055 0.0533910 0.0367616 0.0566661 0.0427065 0.0652654 0.0388426 0.0137483 0.0140075 0.0377525 0.0359143 0.0397480 0.0234983 0.0070797 0.0206478 -0.0420546 -0.0560463 0.0293751 0.0308669 0.0394007 -0.0107082 0.0167548 -0.1115859 0.0232517 -0.0132979 0.0062293 0.0049543 0.0348576 -0.0658312 0.0223373 -0.0860539 -0.2617716 -0.2671963 -0.2624051 -0.2621289 -0.2611212 -0.2609361 -0.2602704 -0.2649387 -0.2646213 -0.2692541 -0.2682507 -0.2681510 -0.2707393 -0.2708578 -0.2711329 -0.2677889 -0.2716305 -0.2697367
0.0748608 0.0764660 0.0765039 0.0738533 0.0760911 0.0784347 0.0783827 0.0800476 0.0755415 0.0742750 0.0730999 0.0724955 0.0746416 0.0699869 0.0758980 0.0804317 -0.0109474 0.0006261 0.0064890 -0.0046183 -0.0083113 0.0104388 -0.0079365 0.0077941 0.0749543 0.8544973 0.1079496 0.0646314 0.0793918 0.0722804 0.0824926 0.0738416 0.0826068 0.0582158 0.0619770 0.0818734 0.0672373 0.0685458 0.0721615 0.0764077 0.0527289 0.0583951 0.0637069 0.0510297 0.0562725 0.0687395 0.0569074 0.0543636 -0.0001943 0.0476183 0.0310474 0.0163007 0.0381475 0.0436487 0.0467337 0.0165193 0.0214131 0.0260477 0.0620191 0.0367050 0.0722374 0.0573353 0.0568242 0.0528314 0.0436273 0.0504796 0.0321334 0.0547945 0.0358247 0.0631415 0.0352612 0.0131194 0.0203231 0.0413409 0.0413296 0.0332922 0.0263586 0.0037300 0.0269632 -0.0379187 -0.0504442 0.0344558 0.0264569 0.0409286 -0.0032501 0.0251346 -0.1178038 0.0225508 -0.0144972 0.0068448 0.0070810 0.0366145 -0.0594185 0.0191715 -0.0798230 -0.2546405 -0.2613595 -0.2588293 -0.2550751 -0.2569760 -0.2549109 -0.2586990 -0.2595917 -0.2596506 -0.2635642 -0.2626143 -0.2635892 -0.2635114 -0.2624035 -0.2668425 -0.2639388 -0.2643521 -0.2644058
0.0750632 0.0783812 0.0805219 0.0773006 0.0799704 0.0798824 0.0806995 0.0803106 0.0788791 0.0753457 0.0756423 0.0770856 0.0803034 0.0747807 0.0802420 0.0816403 -0.0118117 0.0043107 0.0090468 -0.0040526 -0.0043632 0.0092492 -0.0070047 0.0004003 0.0783417 0.1079496 0.8509198 0.0713119 0.0761135 0.0821697 0.0817663 0.0801377 0.0794459 0.0586778 0.0634586 0.0768005 0.0724560 0.0679231 0.0726427 0.0765258 0.0546081 0.0581195 0.0676637 0.0563497 0.0589486 0.0657885 0.0589096 0.0559455 -0.0030702 0.0447678 0.0248584 0.0197032 0.0324353 0.0362372 0.0400681 0.0153274 0.0200349 0.0291258 0.0614363 0.0418743 0.0681783 0.0567479 0.0561320 0.0592399 0.0494186 0.0478852 0.0362956 0.0558699 0.0387743 0.0669404 0.0432557 0.0137730 0.0131926 0.0409566 0.0417781 0.0380191 0.0232505 0.0037629 0.0255355 -0.0482697 -0.0543467 0.0350886 0.0286462 0.0372065 -0.0007691 0.0211777 -0.1109236 0.0203575 -0.0135145 0.0049215 0.0042804 0.0346003 -0.0606069 0.0250827 -0.0786495 -0.2610332 -0.2664937 -0.2629924 -0.2592095 -0.2616122 -0.2588166 -0.2615255 -0.2622490 -0.2642663 -0.2668905 -0.2663954 -0.2685866 -0.2680424 -0.2683315 -0.2696557 -0.2671088 -0.2697682 -0.2680929
0.0637750 0.0668904 0.0713429 0.0695152 0.0687286 0.0690730 0.0711947 0.0707060 0.0711371 0.0696801 0.0697467 0.0694003 0.0695099 0.0695834 0.0693929 0.0700564 -0.0052724 0.0035318 0.0037398 -0.0046002 -0.0103574 0.0116973 -0.0067848 0.0052610 0.0874637 0.0646314 0.0713119 0.8600090 0.0993189 0.0823211 0.0822113 0.0905654 0.0649498 0.0533470 0.0550331 0.0731678 0.0673746 0.0634429 0.0661031 0.0592664 0.0566304 0.0554795 0.0634736 0.0498650 0.0533543 0.0678162 0.0634403 0.0545844 -0.0060794 0.0373604 0.0318319 0.0180314 0.0342551 0.0433499 0.0367778 0.0113544 0.0207106 0.0208877 0.0575048 0.0289049 0.0612167 0.0523626 0.0529387 0.0501717 0.0399250 0.0452707 0.0260032 0.0550793 0.0363163 0.0614381 0.0317956 0.0157679 0.0230843 0.0321279 0.0336190 0.0317941 0.0202102 0.0015930 0.0180703 -0.0419068 -0.0490801 0.0276104 0.0257173 0.0332440 -0.0078006 0.0172961 -0.1029295 0.0188047 -0.0212928 0.0033960 0.0035268 0.0247705 -0.0639943 0.0174101 -0.0778216 -0.2385768 -0.2434128 -0.2423674 -0.2371176 -0.2370316 -0.2363176 -0.2388175 -0.2410250 -0.2431172 -0.2475469 -0.2443044 -0.2454939 -0.2464803 -0.2446423 -0.2479450 -0.2448757 -0.2482049 -0.2477756
0.0697108 0.0727757 0.0725505 0.0718356 0.0726684 0.0747473 0.0741532 0.0743185 0.0738964 0.0715373 0.0730984 0.0719578 0.0734418 0.0734564 0.0734967 0.0763685 -0.0125933 0.0082727 0.0049059 -0.0052275 -0.0111555 0.0047039 -0.0067286 0.0007485 0.0993741 0.0793918 0.0761135 0.0993189 0.8545843 0.0920884 0.0887963 0.0987229 0.0713603 0.0562106 0.0579261 0.0736770 0.0649304 0.0679472 0.0709577 0.0673490 0.0537673 0.0481937 0.0628196 0.0516815 0.0535176 0.0631157 0.0528654 0.0537893 0.0068445 0.0395646 0.0305769 0.0087675 0.0348316 0.0426000 0.0385158 0.0159249 0.0197000 0.0277457 0.0594910 0.0322774 0.0676381 0.0559318 0.0555696 0.0554351 0.0416195 0.0505102 0.0327068 0.0532236 0.0353783 0.0630765 0.0351939 0.0156173 0.0168227 0.0386287 0.0361917 0.0327554 0.0222705 0.0029911 0.0249459 -0.0403040 -0.0487664 0.0320312 0.0230491 0.0369512 -0.0082718 0.0133001 -0.1091332 0.0155173 -0.0155014 0.0075448 0.0077758 0.0293803 -0.0634350 0.0183023 -0.0793669 -0.2466897 -0.2537507 -0.2507948 -0.2484385 -0.2488349 -0.2474061 -0.2495285 -0.2525454 -0.2526451 -0.2553790 -0.2565925 -0.2551593 -0.2567941 -0.2565059 -0.2577581 -0.2565884 -0.2578907 -0.2574508
0.0718777 0.0750668 0.0777989 0.0740230 0.0760903 0.0783549 0.0797561 0.0772631 0.0778379 0.0734924 0.0737210 0.0730966 0.0754024 0.0724025 0.0757395 0.0777127 -0.0107903 0.0029007 0.0028066 -0.0067551 -0.0154768 0.0034387 -0.0071641 -0.0008526 0.1102075 0.0722804 0.0821697 0.0823211 0.0920884 0.8532414 0.1098859 0.0886738 0.0719028 0.0584234 0.0638805 0.0775045 0.0715670 0.0780995 0.0705503 0.0749506 0.0532071 0.0572191 0.0718985 0.0559955 0.0621671 0.0669805 0.0591656 0.0650469 -0.0004046 0.0398424 0.0264084 0.0183725 0.0340384 0.0401596 0.0466275 0.0168408 0.0174714 0.0251043 0.0597550 0.0324067 0.0700373 0.0589114 0.0597898 0.0591505 0.0425302 0.0524719 0.0353898 0.0657296 0.0431106 0.0699276 0.0398798 0.0133408 0.0208062 0.0352644 0.0328461 0.0449671 0.0206292 0.0056898 0.0246386 -0.0443845 -0.0513704 0.0358233 0.0296120 0.0369265 -0.0054265 0.0217359 -0.1143807 0.0215360 -0.0173217 0.0079255 0.0077289 0.0330568 -0.0629696 0.0213566 -0.0844666 -0.2590166 -0.2663087 -0.2621117 -0.2601142 -0.2604932 -0.2586404 -0.2603234 -0.2626882 -0.2629785 -0.2671869 -0.2669004 -0.2670256 -0.2664959 -0.2686918 -0.2678349 -0.2677085 -0.2697757 -0.2687052
0.0805311 0.0825377 0.0862640 0.0809869 0.0857535 0.0818846 0.0852406 0.0852493 0.0833873 0.0799112 0.0814585 0.0809054 0.0822863 0.0787149 0.0837981 0.0860349 -0.0141827 0.0036724 0.0044867 -0.0089926 -0.0090599 0.0067971 -0.0029793 -0.0001909 0.1121028 0.0824926 0.0817663 0.0822113 0.0887963 0.1098859 0.8521498 0.0910157 0.0831843 0.0631061 0.0675013 0.0870660 0.0776049 0.0802582 0.0810419 0.0814660 0.0616346 0.0600253 0.0754182 0.0587195 0.0651802 0.0783143 0.0617022 0.0659929 -0.0075013 0.0507814 0.0319686 0.0260676 0.0389817 0.0435515 0.0488971 0.0218365 0.0176703 0.0257134 0.0735789 0.0362461 0.0694701 0.0584265 0.0586523 0.0548699 0.0477082 0.0545647 0.0386787 0.0667804 0.0432667 0.0775011 0.0404443 0.0121037 0.0201064 0.0442895 0.0424776 0.0391715 0.0248612 0.0044111 0.0254762 -0.0454186 -0.0574521 0.0343262 0.0300695 0.0424693 -0.0089895 0.0209856 -0.1180468 0.0244598 -0.0159047 0.0106213 0.0104090 0.0371281 -0.0713484 0.0322071 -0.0908293 -0.2784899 -0.2845631 -0.2791304 -0.2784278 -0.2783563 -0.2762105 -0.2794103 -0.2809668 -0.2828051 -0.2851148 -0.2854572 -0.2852261 -0.2855006 -0.2866340 -0.2861167 -0.2868230 -0.2875064 -0.2859725
0.0691001 0.0740074 0.0731159 0.0715312 0.0735205 0.0721838 0.0753225 0.0753475 0.0756664 0.0716247 0.0701957 0.0717897 0.0733498 0.0713422 0.0711223 0.0778045 -0.0168999 0.0013104 0.0009687 -0.0082141 -0.0160927 0.0042651 -0.0076714 0.0015143 0.0918675 0.0738416 0.0801377 0.0905654 0.0987229 0.0886738 0.0910157 0.8518623 0.0769440 0.0557125 0.0561086 0.0795017 0.0685942 0.0668321 0.0724930 0.0662633 0.0503820 0.0540112 0.0631069 0.0510875 0.0555629 0.0670798 0.0571474 0.0544006 -0.0042127 0.0429213 0.0255008 0.0208777 0.0289795 0.0443031 0.0421962 0.0203688 0.0188054 0.0281119 0.0560749 0.0371615 0.0646470 0.0591507 0.0593357 0.0508029 0.0403698 0.0479219 0.0382267 0.0547736 0.0386595 0.0656422 0.0440871 0.0154431 0.0190759 0.0331039 0.0325565 0.0407595 0.0249605 0.0047985 0.0206306 -0.0397138 -0.0493160 0.0313009 0.0233904 0.0351706 -0.0058227 0.0175455 -0.1055784 0.0159054 -0.0124737 -0.0017883 -0.0012354 0.0291205 -0.0577579 0.0288667 -0.0787772 -0.2491784 -0.2538872 -0.2499619 -0.2485488 -0.2476162 -0.2474480 -0.2493081 -0.2513569 -0.2520352 -0.2545866 -0.2548726 -0.2564876 -0.2569383 -0.2576656 -0.2578992 -0.2569802 -0.2582551 -0.2563419
0.0805924 0.0801337 0.0840631 0.0814430 0.0834910 0.0852544 0.0858307 0.0871558 0.0844998 0.0826825 0.0811104 0.0819853 0.0849342 0.0788128 0.0832566 0.0906299 -0.0153672 0.0045551 0.0034639 -0.0057358 -0.0157800 0.0059970 -0.0063182 -0.0015670 0.0824331 0.0826068 0.0794459 0.0649498 0.0713603 0.0719028 0.0831843 0.0769440 0.8511250 0.0635069 0.0746379 0.0944753 0.0752915 0.0848840 0.0894454 0.0878777 0.0599609 0.0660276 0.0775148 0.0619242 0.0666805 0.0695198 0.0598930 0.0700180 0.0001237 0.0572743 0.0355440 0.0200321 0.0404017 0.0454015 0.0473973 0.0225336 0.0236378 0.0291730 0.0742901 0.0381726 0.0735309 0.0634499 0.0623667 0.0624042 0.0520805 0.0585849 0.0435264 0.0687131 0.0442595 0.0723000 0.0437799 0.0177724 0.0185883 0.0494406 0.0433453 0.0413538 0.0300592 0.0086337 0.0276928 -0.0421762 -0.0523104 0.0357464 0.0306005 0.0423130 -0.0038789 0.0293721 -0.1218522 0.0296968 -0.0112960 0.0096370 0.0092084 0.0376744 -0.0690883 0.0211971 -0.0789116 -0.2825049 -0.2848544 -0.2835385 -0.2821147 -0.2815470 -0.2795993 -0.2815378 -0.2848570 -0.2854717 -0.2898720 -0.2888980 -0.2897129 -0.2896214 -0.2905627 -0.2908032 -0.2885645 -0.2897985 -0.2901383
0.0625264 0.0648102 0.0658121 0.0630012 0.0653304 0.0650002 0.0673489 0.0669786 0.0656477 0.0636191 0.0628049 0.0642197 0.0651984 0.0637243 0.0641932 0.0646792 -0.0027022 0.0099491 0.0096689 0.0028826 -0.0027241 0.0125624 0.0014771 0.0072243 0.0588405 0.0582158 0.0586778 0.0533470 0.0562106 0.0584234 0.0631061 0.0557125 0.0635069 0.9223500 0.0515614 0.0630619 0.0559266 0.0563137 0.0594777 0.0584951 0.0457576 0.0463491 0.0543563 0.0438982 0.0485133 0.0535603 0.0470094 0.0495794 0.0022590 0.0389798 0.0278259 0.0158705 0.0301706 0.0327037 0.0357235 0.0163908 0.0181947 0.0219689 0.0518452 0.0303999 0.0548277 0.0475416 0.0474607 0.0437032 0.0374057 0.0424746 0.0310384 0.0503215 0.0324529 0.0522295 0.0326659 0.0137655 0.0166655 0.0355500 0.0336702 0.0308650 0.0229090 0.0078729 0.0233146 -0.0315516 -0.0370626 0.0273145 0.0239602 0.0327631 -0.0006572 0.0190427 -0.0836230 0.0206392 -0.0082572 0.0120314 0.0116301 0.0294548 -0.0459934 0.0201524 -0.0598625 -0.2003865 -0.2042457 -0.2018949 -0.2005054 -0.2002571 -0.1981840 -0.2003426 -0.2022784 -0.2035709 -0.2068251 -0.2058520 -0.2071958 -0.2066914 -0.2077707 -0.2084257 -0.2072441 -0.2090985 -0.2076491
