0.8523623 0.1383646 0.1016331 0.1263037 0.1023184 0.0996936 0.1041221 0.1063854 0.0999124 0.0972442 0.0925857 0.1019110 0.0957780 0.0939214 0.0995713 0.0995839 -0.0024589 0.0162006 0.0137648 0.0062074 0.0019301 0.0247176 0.0033429 0.0147731 0.0763272 0.0748610 0.0750632 0.0637751 0.0697107 0.0718778 0.0805311 0.0691003 0.0805926 0.0625255 0.0656642 0.0807449 0.0716723 0.0721514 0.0768613 0.0725407 0.0543743 0.0574921 0.0661505 0.0535112 0.0628100 0.0682562 0.0595723 0.0606704 -0.0038329 0.0467331 0.0290556 0.0151244 0.0300446 0.0384892 0.0382042 0.0174448 0.0168851 0.0215344 0.0629276 0.0345185 0.0674038 0.0548256 0.0544342 0.0545640 0.0384176 0.0528084 0.0326302 0.0609318 0.0334969 0.0644696 0.0343977 0.0093727 0.0135606 0.0419114 0.0350313 0.0318591 0.0257321 0.0030250 0.0222645 -0.0530063 -0.0591815 0.0266799 0.0231347 0.0353015 -0.0096432 0.0126511 -0.1220075 0.0182732 -0.0198864 0.0042400 0.0045750 0.0306696 -0.0659023 0.0185759 -0.0923957 -0.2767702 -0.2812023 -0.2791477 -0.2783922 -0.2773538 -0.2760654 -0.2766155 -0.2791758 -0.2802959 -0.2835044 -0.2842869 -0.2834642 -0.2836178 -0.2848696 -0.2859248 -0.2839341 -0.2861258 -0.2839111
0.1383646 0.8591337 0.1041610 0.1356334 0.1034139 0.1057484 0.1089834 0.1078044 0.1018693 0.1004087 0.0978049 0.1026973 0.1040495 0.0989804 0.1018903 0.1034025 -0.0060778 0.0202085 0.0184353 0.0088833 -0.0023691 0.0238232 0.0051604 0.0099099 0.0776774 0.0764661 0.0783811 0.0668904 0.0727754 0.0750668 0.0825376 0.0740076 0.0801337 0.0648090 0.0663074 0.0825564 0.0726066 0.0762103 0.0802961 0.0763593 0.0576700 0.0590056 0.0676667 0.0579042 0.0641248 0.0704944 0.0564789 0.0588570 -0.0043038 0.0518673 0.0293666 0.0145828 0.0312628 0.0379230 0.0394059 0.0175135 0.0148635 0.0235611 0.0648396 0.0365948 0.0668044 0.0576436 0.0576784 0.0554973 0.0427110 0.0544788 0.0369094 0.0591760 0.0333348 0.0661930 0.0350175 0.0090523 0.0140094 0.0417430 0.0362280 0.0371464 0.0237470 0.0017506 0.0248635 -0.0565011 -0.0605959 0.0268615 0.0231851 0.0337177 -0.0130367 0.0141182 -0.1249758 0.0214492 -0.0214136 0.0025735 0.0017916 0.0330457 -0.0689520 0.0225211 -0.0931958 -0.2856088 -0.2907851 -0.2874333 -0.2868097 -0.2864800 -0.2861090 -0.2850435 -0.2908486 -0.2899068 -0.2931129 -0.2913240 -0.2941156 -0.2922861 -0.2939296 -0.2938944 -0.2932970 -0.2954740 -0.2931327
0.1016331 0.1041610 0.8498302 0.1013493 0.1372278 0.1341747 0.1530274 0.1387017 0.1021015 0.1014020 0.0957174 0.1011569 0.1021076 0.0987082 0.1040090 0.1034039 -0.0014928 0.0152677 0.0193012 0.0034305 -0.0014556 0.0229626 0.0037723 0.0101692 0.0768308 0.0765040 0.0805219 0.0713432 0.0725504 0.0777991 0.0862640 0.0731162 0.0840633 0.0658111 0.0697971 0.0870903 0.0776148 0.0742986 0.0805103 0.0794204 0.0619554 0.0631247 0.0674971 0.0556044 0.0674560 0.0754194 0.0600556 0.0604961 -0.0070568 0.0472144 0.0334345 0.0138208 0.0330503 0.0389291 0.0402050 0.0181848 0.0193402 0.0224579 0.0622958 0.0356892 0.0684133 0.0564506 0.0580290 0.0514164 0.0389491 0.0493774 0.0353490 0.0603363 0.0343199 0.0638425 0.0349787 0.0110171 0.0142855 0.0441518 0.0394750 0.0346253 0.0240109 0.0006594 0.0244558 -0.0586726 -0.0660009 0.0288695 0.0266855 0.0347052 -0.0117559 0.0158658 -0.1246912 0.0140518 -0.0228243 0.0053268 0.0049787 0.0322214 -0.0714868 0.0205945 -0.0972203 -0.2892881 -0.2947038 -0.2920415 -0.2895114 -0.2888451 -0.2874729 -0.2892243 -0.2915168 -0.2938136 -0.2971555 -0.2962052 -0.2973648 -0.2964668 -0.2971302 -0.2988375 -0.2970342 -0.2992428 -0.2986475
0.1263037 0.1356334 0.1013493 0.8604701 0.0982015 0.1005679 0.1006862 0.1040067 0.0989467 0.0935046 0.0942469 0.0963302 0.0940910 0.0944746 0.0987051 0.0998500 -0.0017688 0.0167305 0.0165072 0.0043249 -0.0028980 0.0217075 0.0047167 0.0130069 0.0772824 0.0738531 0.0773005 0.0695152 0.0718351 0.0740230 0.0809865 0.0715313 0.0814429 0.0630000 0.0672643 0.0799072 0.0725908 0.0758704 0.0778243 0.0753087 0.0572830 0.0602403 0.0714488 0.0575689 0.0657635 0.0700649 0.0573622 0.0605914 -0.0029166 0.0494659 0.0333366 0.0140143 0.0310838 0.0386547 0.0422871 0.0172625 0.0182248 0.0247727 0.0644334 0.0383108 0.0652491 0.0555624 0.0569500 0.0555325 0.0429275 0.0504901 0.0328303 0.0621548 0.0334534 0.0667586 0.0352340 0.0127252 0.0130082 0.0425789 0.0380343 0.0340621 0.0250277 0.0038624 0.0242603 -0.0543347 -0.0589670 0.0277615 0.0276324 0.0370072 -0.0115435 0.0130684 -0.1231108 0.0193977 -0.0209952 0.0050785 0.0058664 0.0340384 -0.0672762 0.0206819 -0.0905334 -0.2795932 -0.2835535 -0.2800327 -0.2792569 -0.2801202 -0.2777579 -0.2789055 -0.2824067 -0.2831489 -0.2873788 -0.2855322 -0.2866820 -0.2864175 -0.2865370 -0.2873419 -0.2853564 -0.2890762 -0.2851889
0.1023184 0.1034139 0.1372278 0.0982015 0.8548366 0.1437916 0.1493289 0.1432870 0.0992428 0.0975190 0.0934069 0.0994145 0.0983617 0.0960950 0.1000317 0.1026632 -0.0054311 0.0178007 0.0151673 0.0052366 -0.0016961 0.0229620 0.0050496 0.0112716 0.0794755 0.0760910 0.0799703 0.0687284 0.0726681 0.0760902 0.0857533 0.0735207 0.0834910 0.0653292 0.0657973 0.0859391 0.0745455 0.0759690 0.0826491 0.0765645 0.0635235 0.0624521 0.0673288 0.0569928 0.0666340 0.0716324 0.0612532 0.0581257 -0.0037649 0.0493726 0.0308351 0.0172849 0.0309232 0.0397673 0.0398776 0.0171107 0.0177718 0.0230977 0.0636985 0.0312998 0.0689989 0.0606918 0.0587140 0.0535163 0.0440129 0.0536035 0.0354804 0.0582902 0.0352031 0.0692404 0.0352586 0.0089689 0.0123505 0.0440967 0.0398859 0.0359250 0.0238599 0.0004585 0.0243007 -0.0577880 -0.0657826 0.0288003 0.0238897 0.0342654 -0.0095141 0.0168658 -0.1246816 0.0165066 -0.0201498 0.0062953 0.0062519 0.0341022 -0.0701517 0.0178965 -0.0927605 -0.2883009 -0.2920140 -0.2887365 -0.2872470 -0.2873037 -0.2856683 -0.2869789 -0.2893116 -0.2901702 -0.2942069 -0.2947786 -0.2951294 -0.2944748 -0.2958629 -0.2961687 -0.2945291 -0.2978421 -0.2945777
0.0996936 0.1057484 0.1341747 0.1005679 0.1437916 0.8559429 0.1463328 0.1407043 0.1004215 0.0991575 0.0944696 0.1025525 0.0986076 0.0973170 0.1018176 0.1037824 -0.0033658 0.0156541 0.0174207 0.0052197 -0.0021254 0.0220367 0.0037969 0.0105421 0.0803376 0.0784348 0.0798826 0.0690731 0.0747473 0.0783552 0.0818847 0.0721841 0.0852547 0.0649992 0.0648773 0.0829316 0.0706794 0.0714973 0.0759355 0.0764200 0.0611037 0.0610160 0.0700717 0.0555189 0.0668282 0.0713770 0.0603314 0.0569866 -0.0050399 0.0465431 0.0277145 0.0165810 0.0308043 0.0395373 0.0377836 0.0191489 0.0134813 0.0213267 0.0608164 0.0325319 0.0677118 0.0558965 0.0564698 0.0547566 0.0419322 0.0535440 0.0345123 0.0566987 0.0370158 0.0675437 0.0319120 0.0085932 0.0119976 0.0425395 0.0379998 0.0343512 0.0245982 -0.0017972 0.0246890 -0.0573956 -0.0666642 0.0286096 0.0265380 0.0350891 -0.0124062 0.0188798 -0.1244032 0.0147707 -0.0208296 0.0024871 0.0013388 0.0330217 -0.0688364 0.0164592 -0.0922271 -0.2871608 -0.2903917 -0.2894625 -0.2871911 -0.2865700 -0.2852879 -0.2866155 -0.2902153 -0.2890689 -0.2956570 -0.2930051 -0.2939336 -0.2950559 -0.2958886 -0.2948475 -0.2930633 -0.2949785 -0.2956702
0.1041221 0.1089834 0.1530274 0.1006862 0.1493289 0.1463328 0.8553866 0.1543530 0.1036059 0.1031458 0.0977631 0.1058253 0.1024953 0.1038223 0.1024377 0.1066676 -0.0057240 0.0175288 0.0195469 0.0089533 -0.0013416 0.0228995 0.0049154 0.0072974 0.0795788 0.0783828 0.0806995 0.0711947 0.0741530 0.0797564 0.0852403 0.0753227 0.0858307 0.0673478 0.0698867 0.0866705 0.0727722 0.0767981 0.0819865 0.0820194 0.0625804 0.0607888 0.0692483 0.0571519 0.0660339 0.0717957 0.0606993 0.0584654 -0.0046989 0.0482754 0.0309439 0.0150978 0.0306407 0.0401821 0.0374463 0.0184038 0.0188106 0.0216252 0.0613869 0.0291315 0.0667110 0.0593095 0.0583178 0.0555991 0.0447320 0.0555204 0.0382031 0.0592311 0.0355035 0.0700727 0.0338487 0.0093174 0.0122040 0.0441901 0.0401715 0.0361224 0.0244718 0.0008852 0.0239396 -0.0590727 -0.0668035 0.0285118 0.0268476 0.0330852 -0.0116689 0.0164680 -0.1296403 0.0142795 -0.0220796 0.0045839 0.0043546 0.0313775 -0.0727747 0.0161924 -0.0988209 -0.2953896 -0.3008156 -0.2974465 -0.2971405 -0.2963513 -0.2933467 -0.2965841 -0.2994003 -0.2990026 -0.3039028 -0.3022304 -0.3047485 -0.3023397 -0.3047760 -0.3045120 -0.3039836 -0.3026748 -0.3038046
0.1063854 0.1078044 0.1387017 0.1040067 0.1432870 0.1407043 0.1543530 0.8572647 0.1046351 0.1002613 0.0974430 0.1069288 0.1003655 0.1020125 0.1046663 0.1049001 -0.0041426 0.0151336 0.0206289 0.0067119 -0.0010372 0.0248564 0.0049152 0.0074219 0.0802659 0.0800473 0.0803104 0.0707059 0.0743181 0.0772630 0.0852489 0.0753474 0.0871556 0.0669772 0.0683431 0.0872194 0.0750760 0.0770579 0.0821491 0.0798711 0.0638473 0.0615931 0.0706944 0.0583070 0.0649831 0.0745451 0.0600322 0.0602919 -0.0049337 0.0493469 0.0287789 0.0195336 0.0307696 0.0414795 0.0414593 0.0177823 0.0181469 0.0196495 0.0609156 0.0337974 0.0697690 0.0586581 0.0588745 0.0531187 0.0427623 0.0550412 0.0358353 0.0600959 0.0376881 0.0682048 0.0357860 0.0116117 0.0128257 0.0467938 0.0394014 0.0370665 0.0260643 0.0004624 0.0251057 -0.0582004 -0.0659172 0.0281659 0.0273740 0.0359219 -0.0081585 0.0169963 -0.1276628 0.0195723 -0.0216786 0.0053298 0.0046772 0.0335720 -0.0712812 0.0202490 -0.0941294 -0.2943455 -0.2988203 -0.2956311 -0.2942747 -0.2947403 -0.2929217 -0.2944630 -0.2978731 -0.2984777 -0.3020341 -0.3017027 -0.3014097 -0.3021099 -0.3027619 -0.3036763 -0.3013177 -0.3037831 -0.3022756
0.0999124 0.1018693 0.1021015 0.0989467 0.0992428 0.1004215 0.1036059 0.1046351 0.8579211 0.1310315 0.1333997 0.1324621 0.1341875 0.1287751 0.1065956 0.1086420 -0.0047350 0.0169129 0.0169184 0.0098379 -0.0025274 0.0216632 0.0065027 0.0108634 0.0803639 0.0755415 0.0788789 0.0711372 0.0738961 0.0778379 0.0833871 0.0756665 0.0844999 0.0656466 0.0659768 0.0841371 0.0732894 0.0748973 0.0780554 0.0771874 0.0607134 0.0561990 0.0674522 0.0617004 0.0688302 0.0722240 0.0633933 0.0612313 -0.0046224 0.0486868 0.0329056 0.0114232 0.0300003 0.0400276 0.0448946 0.0190384 0.0161036 0.0252905 0.0617433 0.0347476 0.0668875 0.0579918 0.0590580 0.0533670 0.0420560 0.0560228 0.0370723 0.0612198 0.0368235 0.0692471 0.0358889 0.0107714 0.0180573 0.0423486 0.0377656 0.0340186 0.0202784 0.0018456 0.0253425 -0.0566886 -0.0603092 0.0298729 0.0211411 0.0376013 -0.0128359 0.0148973 -0.1219873 0.0201104 -0.0211629 0.0000218 0.0004795 0.0354096 -0.0721561 0.0201917 -0.0945878 -0.2905457 -0.2941631 -0.2904755 -0.2898747 -0.2890821 -0.2886879 -0.2899030 -0.2929323 -0.2938008 -0.2969162 -0.2968543 -0.2958297 -0.2969934 -0.2980362 -0.2974333 -0.2978877 -0.3006293 -0.2969198
0.0972442 0.1004087 0.1014020 0.0935046 0.0975190 0.0991575 0.1031458 0.1002613 0.1310315 0.8538001 0.1218423 0.1298463 0.1427762 0.1280412 0.0997056 0.1036608 -0.0061830 0.0160058 0.0134295 0.0094756 -0.0022796 0.0203572 0.0049959 0.0123758 0.0765181 0.0742751 0.0753456 0.0696802 0.0715370 0.0734924 0.0799111 0.0716249 0.0826826 0.0636179 0.0662089 0.0833422 0.0684928 0.0716802 0.0787093 0.0771029 0.0570004 0.0569993 0.0668429 0.0597930 0.0649283 0.0683836 0.0589974 0.0601380 -0.0067577 0.0479515 0.0305341 0.0163135 0.0303718 0.0410896 0.0380753 0.0187417 0.0160454 0.0215983 0.0598506 0.0332112 0.0657225 0.0560677 0.0551186 0.0497942 0.0425124 0.0527863 0.0344434 0.0595737 0.0337922 0.0635135 0.0323228 0.0101559 0.0157788 0.0399896 0.0355899 0.0335118 0.0208480 0.0011289 0.0243611 -0.0545106 -0.0630130 0.0280019 0.0234498 0.0361366 -0.0136183 0.0165750 -0.1212691 0.0153234 -0.0215961 0.0017580 0.0026916 0.0323253 -0.0695091 0.0170157 -0.0902591 -0.2828642 -0.2859013 -0.2848668 -0.2817605 -0.2809988 -0.2796046 -0.2822733 -0.2838625 -0.2853093 -0.2888680 -0.2888673 -0.2891392 -0.2879825 -0.2898064 -0.2903992 -0.2887633 -0.2908068 -0.2896988
0.0925857 0.0978049 0.0957174 0.0942469 0.0934069 0.0944696 0.0977631 0.0974430 0.1333997 0.1218423 0.8672631 0.1342265 0.1276134 0.1236151 0.1018343 0.1013238 -0.0038956 0.0163557 0.0181565 0.0061827 -0.0015206 0.0198458 0.0049724 0.0094178 0.0749832 0.0730999 0.0756423 0.0697468 0.0730984 0.0737210 0.0814584 0.0701957 0.0811104 0.0628037 0.0650090 0.0828427 0.0724463 0.0724592 0.0779454 0.0740982 0.0590271 0.0584268 0.0680650 0.0586634 0.0647324 0.0705613 0.0589213 0.0591604 -0.0043957 0.0463110 0.0333079 0.0134936 0.0309464 0.0374590 0.0411636 0.0179313 0.0169718 0.0247860 0.0636670 0.0365493 0.0651700 0.0555161 0.0559276 0.0524841 0.0411080 0.0533730 0.0356706 0.0592100 0.0346511 0.0628983 0.0335839 0.0090408 0.0160520 0.0415104 0.0385664 0.0334098 0.0217813 0.0033493 0.0216535 -0.0536304 -0.0596135 0.0279222 0.0253415 0.0355318 -0.0127263 0.0141188 -0.1192258 0.0187492 -0.0225224 0.0044804 0.0051812 0.0354464 -0.0705992 0.0212975 -0.0910823 -0.2779877 -0.2830866 -0.2802300 -0.2777727 -0.2785010 -0.2771654 -0.2784561 -0.2813841 -0.2815807 -0.2838546 -0.2851347 -0.2855980 -0.2855247 -0.2873919 -0.2867954 -0.2878122 -0.2897747 -0.2861044
0.1019110 0.1026973 0.1011569 0.0963302 0.0994145 0.1025525 0.1058253 0.1069288 0.1324621 0.1298463 0.1342265 0.8631530 0.1343802 0.1297677 0.1008414 0.1073929 -0.0057489 0.0178106 0.0170012 0.0077229 -0.0036838 0.0224798 0.0058361 0.0091109 0.0755877 0.0724956 0.0770855 0.0694005 0.0719577 0.0730967 0.0809052 0.0717898 0.0819855 0.0642188 0.0690359 0.0858454 0.0730178 0.0717621 0.0787134 0.0750329 0.0605665 0.0574470 0.0701162 0.0582587 0.0673909 0.0692303 0.0617020 0.0583975 -0.0079355 0.0457895 0.0309150 0.0136175 0.0321535 0.0409201 0.0404239 0.0158845 0.0168543 0.0272307 0.0612328 0.0323312 0.0639103 0.0553005 0.0562326 0.0507520 0.0423896 0.0522968 0.0367133 0.0588737 0.0349964 0.0669047 0.0355901 0.0082237 0.0153878 0.0390317 0.0355313 0.0350323 0.0212651 -0.0009293 0.0243134 -0.0537880 -0.0616998 0.0272794 0.0237879 0.0328156 -0.0158235 0.0146808 -0.1198488 0.0161063 -0.0223774 0.0023160 0.0024911 0.0309623 -0.0684641 0.0157943 -0.0936915 -0.2857497 -0.2887242 -0.2859837 -0.2848385 -0.2849643 -0.2841430 -0.2850354 -0.2867077 -0.2896056 -0.2905750 -0.2906616 -0.2914568 -0.2919535 -0.2921279 -0.2923831 -0.2927309 -0.2945513 -0.2929549
0.0957780 0.1040495 0.1021076 0.0940910 0.0983617 0.0986076 0.1024953 0.1003655 0.1341875 0.1427762 0.1276134 0.1343802 0.8611296 0.1358366 0.1032935 0.1046708 -0.0081734 0.0170970 0.0167890 0.0069073 -0.0030787 0.0225449 0.0048390 0.0095934 0.0765168 0.0746416 0.0803034 0.0695100 0.0734417 0.0754024 0.0822863 0.0733500 0.0849342 0.0651972 0.0643004 0.0839777 0.0741153 0.0757500 0.0808283 0.0755794 0.0583785 0.0572777 0.0695650 0.0625945 0.0662176 0.0711596 0.0630426 0.0579299 -0.0056821 0.0492220 0.0281496 0.0175644 0.0341751 0.0365641 0.0421223 0.0171328 0.0157115 0.0243408 0.0638153 0.0334749 0.0690282 0.0564929 0.0574060 0.0505427 0.0453650 0.0543071 0.0346299 0.0588263 0.0347123 0.0662694 0.0340490 0.0109278 0.0132133 0.0432704 0.0374210 0.0357499 0.0221169 0.0025663 0.0249522 -0.0583929 -0.0636053 0.0268138 0.0217434 0.0366120 -0.0145307 0.0140846 -0.1239156 0.0163950 -0.0223444 0.0011442 0.0021860 0.0333421 -0.0731620 0.0190745 -0.0951027 -0.2882178 -0.2928230 -0.2898643 -0.2862796 -0.2864785 -0.2861439 -0.2881993 -0.2904390 -0.2916213 -0.2946131 -0.2953747 -0.2943240 -0.2958207 -0.2970802 -0.2968932 -0.2950760 -0.2986336 -0.2961770
0.0939214 0.0989804 0.0987082 0.0944746 0.0960950 0.0973170 0.1038223 0.1020125 0.1287751 0.1280412 0.1236151 0.1297677 0.1358366 0.8631914 0.1034514 0.0983961 -0.0022528 0.0178405 0.0190063 0.0053731 -0.0018999 0.0232127 0.0040444 0.0117484 0.0779396 0.0699869 0.0747807 0.0695835 0.0734561 0.0724026 0.0787145 0.0713424 0.0788128 0.0637232 0.0653841 0.0834011 0.0729065 0.0718254 0.0772589 0.0772910 0.0573721 0.0585973 0.0696391 0.0589924 0.0646915 0.0705473 0.0607145 0.0607540 -0.0054397 0.0470622 0.0302295 0.0146063 0.0300302 0.0369008 0.0408313 0.0189117 0.0143285 0.0237067 0.0629160 0.0340484 0.0669041 0.0552845 0.0558704 0.0522999 0.0425669 0.0517316 0.0335442 0.0609202 0.0349149 0.0641650 0.0328415 0.0076941 0.0145160 0.0419700 0.0384073 0.0370635 0.0242230 0.0013685 0.0231353 -0.0564986 -0.0618034 0.0254877 0.0227820 0.0345750 -0.0146539 0.0147134 -0.1213563 0.0157513 -0.0223228 0.0028853 0.0033518 0.0341017 -0.0719385 0.0237915 -0.0938169 -0.2830236 -0.2869501 -0.2843246 -0.2833655 -0.2829837 -0.2807897 -0.2835394 -0.2852918 -0.2867167 -0.2889529 -0.2894576 -0.2900366 -0.2887242 -0.2916970 -0.2918899 -0.2900514 -0.2917638 -0.2917409
0.0995713 0.1018903 0.1040090 0.0987051 0.1000317 0.1018176 0.1024377 0.1046663 0.1065956 0.0997056 0.1018343 0.1008414 0.1032935 0.1034514 0.8577080 0.1052564 -0.0015886 0.0163409 0.0171569 0.0044699 -0.0002128 0.0268824 0.0048631 0.0106251 0.0760672 0.0758980 0.0802421 0.0693932 0.0734967 0.0757397 0.0837982 0.0711224 0.0832569 0.0641922 0.0702055 0.0807392 0.0718627 0.0771482 0.0785503 0.0773811 0.0591904 0.0601409 0.0682684 0.0597043 0.0646039 0.0737034 0.0565706 0.0607819 -0.0046466 0.0484404 0.0338401 0.0158458 0.0321133 0.0421757 0.0437629 0.0161791 0.0188806 0.0286563 0.0643827 0.0370030 0.0673034 0.0573824 0.0555267 0.0499721 0.0431942 0.0513428 0.0360910 0.0613562 0.0343032 0.0663364 0.0356049 0.0129545 0.0168377 0.0408255 0.0372083 0.0338850 0.0222306 0.0019023 0.0254116 -0.0521255 -0.0597460 0.0308239 0.0293772 0.0376102 -0.0097727 0.0160701 -0.1216789 0.0186466 -0.0198182 0.0035386 0.0039452 0.0315739 -0.0656509 0.0188074 -0.0899107 -0.2808128 -0.2867878 -0.2854216 -0.2829182 -0.2821232 -0.2800721 -0.2840986 -0.2852020 -0.2855772 -0.2897961 -0.2890964 -0.2894660 -0.2892674 -0.2897452 -0.2912846 -0.2898967 -0.2915706 -0.2910165
0.0995839 0.1034025 0.1034039 0.0998500 0.1026632 0.1037824 0.1066676 0.1049001 0.1086420 0.1036608 0.1013238 0.1073929 0.1046708 0.0983961 0.1052564 0.8575904 -0.0069936 0.0163779 0.0158353 0.0088812 -0.0014627 0.0226498 0.0047454 0.0115640 0.0795039 0.0804316 0.0816401 0.0700563 0.0763683 0.0777126 0.0860346 0.0778045 0.0906297 0.0646779 0.0709973 0.0862336 0.0727373 0.0784788 0.0806030 0.0772959 0.0624601 0.0626387 0.0740988 0.0578833 0.0655575 0.0753508 0.0624180 0.0596696 -0.0022702 0.0483510 0.0342375 0.0157175 0.0330046 0.0432272 0.0427517 0.0163577 0.0175574 0.0281299 0.0644004 0.0374067 0.0705352 0.0585538 0.0581952 0.0530379 0.0456835 0.0562630 0.0374186 0.0610255 0.0342263 0.0673582 0.0390078 0.0111171 0.0179380 0.0451133 0.0372423 0.0399281 0.0246214 0.0018389 0.0260139 -0.0520650 -0.0600735 0.0307696 0.0252010 0.0351508 -0.0086624 0.0167541 -0.1228818 0.0196289 -0.0191617 0.0028232 0.0032608 0.0346819 -0.0488238 0.0174102 -0.0923076 -0.2865116 -0.2910816 -0.2888498 -0.2844491 -0.2863270 -0.2834308 -0.2865304 -0.2890014 -0.2906156 -0.2933142 -0.2937417 -0.2940880 -0.2938977 -0.2952636 -0.2960045 -0.2949235 -0.2961396 -0.2948206
-0.0024589 -0.0060778 -0.0014928 -0.0017688 -0.0054311 -0.0033658 -0.0057240 -0.0041426 -0.0047350 -0.0061830 -0.0038956 -0.0057489 -0.0081734 -0.0022528 -0.0015886 -0.0069936 0.9594409 0.0113381 0.0138417 0.0256731 0.0222092 0.0069352 0.0119606 0.0277194 -0.0108525 -0.0109475 -0.0118117 -0.0052724 -0.0125932 -0.0107902 -0.0141826 -0.0168998 -0.0153671 -0.0027021 -0.0043873 -0.0108635 -0.0066448 -0.0065406 -0.0105305 -0.0103774 -0.0026083 -0.0042029 -0.0140371 -0.0103074 -0.0118048 -0.0051346 -0.0033696 -0.0146805 0.0015338 -0.0119901 -0.0079151 -0.0037311 -0.0186918 -0.0046994 -0.0000612 -0.0112221 -0.0025100 -0.0108910 -0.0162507 -0.0087038 -0.0096773 -0.0159691 -0.0145942 -0.0112012 -0.0103740 -0.0098578 -0.0146950 -0.0142673 -0.0107979 -0.0116637 -0.0115317 -0.0060442 -0.0035640 -0.0071420 -0.0077038 -0.0129301 -0.0078219 -0.0129241 -0.0054995 -0.0025494 -0.0025103 -0.0075271 -0.0014270 -0.0079528 -0.0045439 -0.0111150 -0.0037979 -0.0058800 -0.0041134 -0.0210937 -0.0201123 -0.0191616 -0.0085505 -0.0027026 -0.0031623 0.0070002 0.0057891 0.0068671 0.0073018 0.0066972 0.0063713 0.0078797 0.0076125 0.0061425 0.0060972 0.0061146 0.0045654 0.0055309 0.0045304 0.0040674 0.0065107 -0.0001295 0.0041662
0.0162006 0.0202085 0.0152677 0.0167305 0.0178007 0.0156541 0.0175288 0.0151336 0.0169129 0.0160058 0.0163557 0.0178106 0.0170970 0.0178405 0.0163409 0.0163779 0.0113381 0.9295446 0.0268740 0.0227018 0.0142811 0.0186201 0.0171155 0.0192470 0.0078594 0.0006263 0.0043109 0.0035320 0.0082729 0.0029009 0.0036725 0.0013106 0.0045553 0.0099491 0.0015186 0.0037961 0.0057487 0.0052895 0.0049134 0.0021173 0.0068049 -0.0035451 0.0059922 0.0042583 0.0058735 0.0032689 0.0029267 0.0000291 -0.0089490 -0.0017787 0.0011646 -0.0136225 -0.0074389 0.0045765 -0.0067547 -0.0083263 -0.0043291 -0.0012568 -0.0001319 -0.0012684 0.0012299 -0.0039847 -0.0037810 -0.0000300 -0.0008325 -0.0020185 -0.0046599 -0.0005321 -0.0076311 0.0018054 -0.0046619 -0.0018444 -0.0025879 0.0018047 0.0009304 0.0078915 -0.0043043 -0.0033031 0.0025893 -0.0140826 -0.0169613 0.0013964 0.0024859 -0.0004439 -0.0033411 0.0023900 -0.0244424 -0.0057701 -0.0101605 -0.0107872 -0.0100555 -0.0008655 -0.0145563 -0.0079607 -0.0155096 -0.0484770 -0.0527169 -0.0504596 -0.0479720 -0.0494952 -0.0486477 -0.0509309 -0.0516221 -0.0495536 -0.0508456 -0.0527459 -0.0545850 -0.0553977 -0.0544694 -0.0536411 -0.0535997 -0.0575163 -0.0523906
0.0137648 0.0184353 0.0193012 0.0165072 0.0151673 0.0174207 0.0195469 0.0206289 0.0169184 0.0134295 0.0181565 0.0170012 0.0167890 0.0190063 0.0171569 0.0158353 0.0138417 0.0268740 0.9381506 0.0200175 0.0224817 0.0211737 0.0139145 0.0213844 0.0065988 0.0064892 0.0090469 0.0037399 0.0049060 0.0028067 0.0044868 0.0009689 0.0034640 0.0096688 -0.0028596 0.0091964 0.0037090 0.0038688 0.0046373 0.0078011 0.0041649 -0.0012469 0.0026037 0.0002354 0.0131715 0.0055747 0.0010015 0.0011311 -0.0039888 0.0019703 0.0000054 -0.0132999 -0.0014495 0.0030435 0.0002891 -0.0001623 -0.0080906 -0.0054775 -0.0014931 0.0016119 0.0004133 -0.0025427 -0.0010377 0.0055753 -0.0024120 -0.0017260 -0.0029133 0.0021173 -0.0100630 0.0026339 -0.0095878 -0.0115400 -0.0057195 0.0028272 -0.0008539 0.0002430 -0.0028616 -0.0092001 -0.0033315 -0.0118482 -0.0101738 -0.0053363 0.0054272 -0.0076556 -0.0086993 -0.0025380 -0.0288774 -0.0054539 -0.0220292 -0.0101808 -0.0109098 -0.0024457 -0.0184501 -0.0051168 -0.0243156 -0.0474520 -0.0512418 -0.0503383 -0.0485708 -0.0473296 -0.0475283 -0.0488840 -0.0492686 -0.0513896 -0.0491375 -0.0512380 -0.0538001 -0.0518667 -0.0521393 -0.0542454 -0.0512223 -0.0528674 -0.0543707
0.0062074 0.0088833 0.0034305 0.0043249 0.0052366 0.0052197 0.0089533 0.0067119 0.0098379 0.0094756 0.0061827 0.0077229 0.0069073 0.0053731 0.0044699 0.0088812 0.0256731 0.0227018 0.0200175 0.9607976 0.0143624 0.0258372 0.0307476 0.0187556 -0.0028777 -0.0046184 -0.0040527 -0.0046003 -0.0052276 -0.0067552 -0.0089927 -0.0082142 -0.0057360 0.0028824 -0.0055419 -0.0015161 0.0016173 -0.0049866 -0.0038438 -0.0061366 -0.0076759 -0.0094069 -0.0108196 -0.0068654 -0.0022716 -0.0080192 -0.0110417 -0.0020911 -0.0049062 -0.0028793 -0.0014642 -0.0047857 0.0006138 -0.0036376 -0.0063133 -0.0181100 -0.0072819 -0.0035491 -0.0070732 -0.0009479 -0.0071636 -0.0106980 -0.0100505 -0.0115533 -0.0037564 -0.0095867 -0.0057684 -0.0022674 -0.0155795 -0.0023803 -0.0111836 -0.0129692 -0.0079218 0.0071117 0.0002541 -0.0111727 -0.0100435 -0.0133422 -0.0088475 -0.0104367 -0.0232159 -0.0094770 -0.0172613 -0.0040615 -0.0166544 -0.0072875 -0.0101617 -0.0029326 -0.0067952 -0.0087023 -0.0083043 -0.0057428 -0.0060085 -0.0231752 -0.0089016 -0.0194244 -0.0228561 -0.0199648 -0.0185954 -0.0168745 -0.0195680 -0.0207894 -0.0172278 -0.0181859 -0.0194217 -0.0189547 -0.0210392 -0.0192459 -0.0217200 -0.0199639 -0.0204674 -0.0220011 -0.0240342
0.0019301 -0.0023691 -0.0014556 -0.0028980 -0.0016961 -0.0021254 -0.0013416 -0.0010372 -0.0025274 -0.0022796 -0.0015206 -0.0036838 -0.0030787 -0.0018999 -0.0002128 -0.0014627 0.0222092 0.0142811 0.0224817 0.0143624 0.9696407 0.0189208 0.0163555 0.0242051 -0.0111597 -0.0083112 -0.0043631 -0.0103574 -0.0111555 -0.0154768 -0.0090599 -0.0160927 -0.0157800 -0.0027240 -0.0138697 -0.0108030 -0.0160904 -0.0076624 -0.0111099 -0.0090425 -0.0047976 -0.0108181 -0.0132806 -0.0115169 -0.0084759 -0.0081460 -0.0095791 -0.0178637 -0.0022194 -0.0059311 -0.0115140 -0.0031109 -0.0079816 -0.0127899 -0.0151043 -0.0131740 -0.0104481 -0.0159392 -0.0176456 -0.0101387 -0.0136052 -0.0106597 -0.0117132 -0.0073389 -0.0112171 -0.0145783 -0.0122631 -0.0193829 -0.0150172 -0.0076108 -0.0100600 -0.0082082 -0.0076593 -0.0060571 -0.0058964 -0.0182498 -0.0097395 -0.0012885 -0.0130865 -0.0065587 -0.0074363 -0.0103369 -0.0098458 -0.0049886 -0.0109248 -0.0150745 0.0004461 -0.0065605 -0.0036769 -0.0147040 -0.0150174 -0.0052792 -0.0034967 -0.0029109 -0.0068486 0.0052442 0.0055488 0.0074476 0.0072864 0.0076508 0.0065611 0.0061546 0.0067382 0.0056172 0.0057067 0.0042027 0.0038049 0.0053075 0.0025777 0.0041618 0.0042976 0.0002842 0.0038641
0.0247176 0.0238232 0.0229626 0.0217075 0.0229620 0.0220367 0.0228995 0.0248564 0.0216632 0.0203572 0.0198458 0.0224798 0.0225449 0.0232127 0.0268824 0.0226498 0.0069352 0.0186201 0.0211737 0.0258372 0.0189208 0.9415616 0.0213478 0.0275294 0.0047192 0.0104387 0.0092491 0.0116972 0.0047037 0.0034386 0.0067969 0.0042650 0.0059969 0.0125621 0.0049010 0.0095292 0.0062645 0.0103040 0.0036314 0.0100278 0.0037907 -0.0009815 0.0046471 0.0039533 0.0085234 0.0037996 0.0015432 0.0043959 -0.0026824 -0.0001446 0.0052553 -0.0016980 0.0086994 0.0004502 -0.0025629 -0.0084868 -0.0089246 0.0025662 0.0066946 0.0056168 -0.0010115 0.0023245 0.0028887 0.0007575 -0.0051425 -0.0022163 -0.0050367 0.0044218 -0.0065864 0.0056540 -0.0096509 -0.0069072 -0.0047449 0.0064405 0.0023230 -0.0001985 -0.0005951 0.0010177 0.0109978 -0.0164054 -0.0237621 -0.0054305 -0.0077693 0.0051424 -0.0136328 -0.0007733 -0.0294073 -0.0028822 -0.0147848 -0.0050458 -0.0041164 -0.0011256 -0.0176136 -0.0079065 -0.0235803 -0.0630877 -0.0646465 -0.0642452 -0.0613577 -0.0617645 -0.0628092 -0.0606803 -0.0625002 -0.0641870 -0.0636562 -0.0633825 -0.0636601 -0.0627682 -0.0650653 -0.0632332 -0.0670240 -0.0666543 -0.0663698
0.0033429 0.0051604 0.0037723 0.0047167 0.0050496 0.0037969 0.0049154 0.0049152 0.0065027 0.0049959 0.0049724 0.0058361 0.0048390 0.0040444 0.0048631 0.0047454 0.0119606 0.0171155 0.0139145 0.0307476 0.0163555 0.0213478 0.9460896 0.0218846 -0.0041293 -0.0079365 -0.0070047 -0.0067848 -0.0067286 -0.0071641 -0.0029792 -0.0076714 -0.0063182 0.0014771 -0.0072913 -0.0073114 -0.0071619 -0.0054452 -0.0086390 -0.0060731 -0.0012787 -0.0070824 -0.0072508 -0.0049162 -0.0075524 -0.0036330 -0.0089296 -0.0063867 -0.0097174 -0.0040195 -0.0006759 -0.0041791 -0.0063860 -0.0056648 -0.0097680 -0.0098189 -0.0142190 0.0005692 -0.0052031 -0.0031205 -0.0109246 -0.0093984 -0.0077464 -0.0125568 -0.0105470 -0.0057211 -0.0113040 -0.0072007 -0.0129312 -0.0045673 -0.0161637 -0.0089752 -0.0114436 0.0021853 -0.0063308 -0.0124768 -0.0075790 -0.0116849 -0.0040737 -0.0049513 -0.0160192 -0.0060205 -0.0091766 -0.0004702 -0.0075434 -0.0063183 -0.0147101 0.0029531 -0.0044446 -0.0134570 -0.0127163 -0.0089808 -0.0100785 -0.0111513 -0.0069446 -0.0116968 -0.0121235 -0.0134925 -0.0081790 -0.0117783 -0.0089002 -0.0102706 -0.0104472 -0.0115420 -0.0110433 -0.0131765 -0.0140268 -0.0116440 -0.0125763 -0.0124401 -0.0139318 -0.0159785 -0.0110832
0.0147731 0.0099099 0.0101692 0.0130069 0.0112716 0.0105421 0.0072974 0.0074219 0.0108634 0.0123758 0.0094178 0.0091109 0.0095934 0.0117484 0.0106251 0.0115640 0.0277194 0.0192470 0.0213844 0.0187556 0.0242051 0.0275294 0.0218846 0.9425923 0.0038254 0.0077940 0.0004003 0.0052609 0.0007484 -0.0008526 -0.0001909 0.0015143 -0.0015671 0.0072241 -0.0047349 0.0035636 0.0029292 0.0058634 0.0035338 0.0002281 0.0048612 -0.0027384 -0.0025200 -0.0001222 0.0042643 0.0037005 0.0027049 -0.0056364 -0.0079001 -0.0017067 0.0027539 0.0003599 -0.0047167 -0.0018388 0.0025737 -0.0090472 -0.0053700 -0.0045381 -0.0028417 -0.0073575 0.0006469 -0.0024810 -0.0017831 -0.0064676 -0.0063565 -0.0071249 -0.0067511 -0.0054884 -0.0040158 0.0054656 -0.0050215 -0.0012786 -0.0019994 -0.0014392 -0.0013753 -0.0019228 0.0000997 -0.0016418 -0.0080537 -0.0131871 -0.0223075 -0.0074239 -0.0027023 -0.0025991 -0.0039530 -0.0078525 -0.0181208 -0.0084075 -0.0157007 -0.0042616 -0.0046388 -0.0069144 -0.0143532 -0.0070979 -0.0153197 -0.0396968 -0.0398698 -0.0411046 -0.0372591 -0.0367478 -0.0373379 -0.0366648 -0.0371608 -0.0380152 -0.0398697 -0.0398926 -0.0386792 -0.0427746 -0.0413983 -0.0404953 -0.0411039 -0.0429079 -0.0412741
0.0763272 0.0776774 0.0768308 0.0772824 0.0794755 0.0803376 0.0795788 0.0802659 0.0803639 0.0765181 0.0749832 0.0755877 0.0765168 0.0779396 0.0760672 0.0795039 -0.0108525 0.0078594 0.0065988 -0.0028777 -0.0111597 0.0047192 -0.0041293 0.0038254 0.8477594 0.0749545 0.0783417 0.0874637 0.0993740 0.1102076 0.1121027 0.0918676 0.0824332 0.0588397 0.0655138 0.0818343 0.0705753 0.0698870 0.0717720 0.0772814 0.0535422 0.0553737 0.0688092 0.0555102 0.0630794 0.0679410 0.0552472 0.0551897 -0.0041656 0.0401992 0.0264378 0.0175728 0.0280017 0.0379049 0.0345820 0.0222658 0.0204176 0.0227271 0.0612184 0.0339627 0.0603569 0.0504894 0.0506201 0.0545988 0.0438054 0.0533910 0.0367615 0.0566661 0.0427067 0.0652653 0.0388424 0.0137485 0.0140076 0.0377525 0.0359142 0.0397480 0.0234982 0.0070798 0.0206476 -0.0420544 -0.0560461 0.0293753 0.0308669 0.0394007 -0.0107082 0.0167549 -0.1115860 0.0232515 -0.0132979 0.0062295 0.0049547 0.0348576 -0.0658311 0.0223374 -0.0860539 -0.2617713 -0.2671961 -0.2624062 -0.2621291 -0.2611199 -0.2609370 -0.2602701 -0.2649386 -0.2646219 -0.2692533 -0.2682511 -0.2681503 -0.2707394 -0.2708583 -0.2711328 -0.2677896 -0.2716300 -0.2697378
0.0748610 0.0764661 0.0765040 0.0738531 0.0760910 0.0784348 0.0783828 0.0800473 0.0755415 0.0742751 0.0730999 0.0724956 0.0746416 0.0699869 0.0758980 0.0804316 -0.0109475 0.0006263 0.0064892 -0.0046184 -0.0083112 0.0104387 -0.0079365 0.0077940 0.0749545 0.8544971 0.1079496 0.0646316 0.0793917 0.0722807 0.0824926 0.0738418 0.0826069 0.0582149 0.0619770 0.0818733 0.0672374 0.0685457 0.0721615 0.0764077 0.0527290 0.0583951 0.0637070 0.0510298 0.0562725 0.0687394 0.0569076 0.0543636 -0.0001943 0.0476183 0.0310475 0.0163008 0.0381475 0.0436488 0.0467340 0.0165196 0.0214131 0.0260478 0.0620190 0.0367050 0.0722374 0.0573353 0.0568243 0.0528314 0.0436273 0.0504797 0.0321333 0.0547944 0.0358249 0.0631414 0.0352610 0.0131195 0.0203231 0.0413409 0.0413295 0.0332923 0.0263587 0.0037299 0.0269631 -0.0379185 -0.0504440 0.0344559 0.0264570 0.0409287 -0.0032501 0.0251347 -0.1178041 0.0225507 -0.0144974 0.0068449 0.0070814 0.0366145 -0.0594184 0.0191717 -0.0798229 -0.2546399 -0.2613592 -0.2588300 -0.2550759 -0.2569753 -0.2549117 -0.2586990 -0.2595914 -0.2596513 -0.2635641 -0.2626148 -0.2635886 -0.2635123 -0.2624039 -0.2668427 -0.2639398 -0.2643520 -0.2644075
0.0750632 0.0783811 0.0805219 0.0773005 0.0799703 0.0798826 0.0806995 0.0803104 0.0788789 0.0753456 0.0756423 0.0770855 0.0803034 0.0747807 0.0802421 0.0816401 -0.0118117 0.0043109 0.0090469 -0.0040527 -0.0043631 0.0092491 -0.0070047 0.0004003 0.0783417 0.1079496 0.8509198 0.0713120 0.0761133 0.0821699 0.0817662 0.0801380 0.0794461 0.0586767 0.0634585 0.0768003 0.0724560 0.0679231 0.0726428 0.0765258 0.0546082 0.0581196 0.0676640 0.0563498 0.0589485 0.0657885 0.0589099 0.0559455 -0.0030701 0.0447677 0.0248584 0.0197033 0.0324352 0.0362373 0.0400684 0.0153277 0.0200348 0.0291259 0.0614362 0.0418743 0.0681782 0.0567479 0.0561322 0.0592398 0.0494184 0.0478852 0.0362956 0.0558698 0.0387745 0.0669404 0.0432556 0.0137732 0.0131926 0.0409565 0.0417780 0.0380192 0.0232504 0.0037630 0.0255353 -0.0482695 -0.0543464 0.0350887 0.0286464 0.0372064 -0.0007691 0.0211778 -0.1109235 0.0203573 -0.0135146 0.0049217 0.0042809 0.0346002 -0.0606068 0.0250829 -0.0786494 -0.2610334 -0.2664934 -0.2629929 -0.2592097 -0.2616112 -0.2588172 -0.2615252 -0.2622483 -0.2642666 -0.2668899 -0.2663957 -0.2685862 -0.2680433 -0.2683320 -0.2696557 -0.2671099 -0.2697679 -0.2680939
0.0637751 0.0668904 0.0713432 0.0695152 0.0687284 0.0690731 0.0711947 0.0707059 0.0711372 0.0696802 0.0697468 0.0694005 0.0695100 0.0695835 0.0693932 0.0700563 -0.0052724 0.0035320 0.0037399 -0.0046003 -0.0103574 0.0116972 -0.0067848 0.0052609 0.0874637 0.0646316 0.0713120 0.8600088 0.0993187 0.0823213 0.0822114 0.0905657 0.0649500 0.0533462 0.0550330 0.0731679 0.0673745 0.0634430 0.0661034 0.0592663 0.0566306 0.0554796 0.0634737 0.0498652 0.0533543 0.0678164 0.0634405 0.0545844 -0.0060793 0.0373604 0.0318319 0.0180315 0.0342551 0.0433501 0.0367780 0.0113547 0.0207106 0.0208879 0.0575048 0.0289049 0.0612168 0.0523626 0.0529389 0.0501717 0.0399250 0.0452708 0.0260032 0.0550793 0.0363165 0.0614382 0.0317956 0.0157680 0.0230844 0.0321280 0.0336190 0.0317943 0.0202102 0.0015930 0.0180702 -0.0419066 -0.0490799 0.0276106 0.0257174 0.0332441 -0.0078006 0.0172961 -0.1029297 0.0188046 -0.0212929 0.0033962 0.0035272 0.0247705 -0.0639942 0.0174103 -0.0778215 -0.2385765 -0.2434132 -0.2423686 -0.2371185 -0.2370309 -0.2363183 -0.2388174 -0.2410247 -0.2431175 -0.2475467 -0.2443049 -0.2454933 -0.2464812 -0.2446432 -0.2479457 -0.2448771 -0.2482046 -0.2477772
0.0697107 0.0727754 0.0725504 0.0718351 0.0726681 0.0747473 0.0741530 0.0743181 0.0738961 0.0715370 0.0730984 0.0719577 0.0734417 0.0734561 0.0734967 0.0763683 -0.0125932 0.0082729 0.0049060 -0.0052276 -0.0111555 0.0047037 -0.0067286 0.0007484 0.0993740 0.0793917 0.0761133 0.0993187 0.8545843 0.0920884 0.0887962 0.0987229 0.0713603 0.0562095 0.0579259 0.0736767 0.0649300 0.0679471 0.0709577 0.0673488 0.0537672 0.0481936 0.0628196 0.0516816 0.0535174 0.0631155 0.0528654 0.0537892 0.0068445 0.0395644 0.0305769 0.0087675 0.0348315 0.0426001 0.0385160 0.0159252 0.0197000 0.0277458 0.0594906 0.0322773 0.0676379 0.0559317 0.0555698 0.0554349 0.0416193 0.0505101 0.0327066 0.0532235 0.0353783 0.0630763 0.0351937 0.0156174 0.0168227 0.0386287 0.0361915 0.0327555 0.0222705 0.0029911 0.0249457 -0.0403037 -0.0487660 0.0320312 0.0230491 0.0369512 -0.0082717 0.0133001 -0.1091331 0.0155171 -0.0155014 0.0075450 0.0077762 0.0293802 -0.0634347 0.0183025 -0.0793667 -0.2466890 -0.2537503 -0.2507953 -0.2484386 -0.2488332 -0.2474064 -0.2495279 -0.2525445 -0.2526452 -0.2553779 -0.2565921 -0.2551581 -0.2567943 -0.2565061 -0.2577578 -0.2565889 -0.2578904 -0.2574514
0.0718778 0.0750668 0.0777991 0.0740230 0.0760902 0.0783552 0.0797564 0.0772630 0.0778379 0.0734924 0.0737210 0.0730967 0.0754024 0.0724026 0.0757397 0.0777126 -0.0107902 0.0029009 0.0028067 -0.0067552 -0.0154768 0.0034386 -0.0071641 -0.0008526 0.1102076 0.0722807 0.0821699 0.0823213 0.0920884 0.8532414 0.1098860 0.0886741 0.0719031 0.0584225 0.0638804 0.0775047 0.0715669 0.0780996 0.0705505 0.0749506 0.0532071 0.0572192 0.0718986 0.0559958 0.0621671 0.0669806 0.0591659 0.0650470 -0.0004045 0.0398424 0.0264085 0.0183726 0.0340384 0.0401598 0.0466277 0.0168412 0.0174714 0.0251044 0.0597549 0.0324067 0.0700374 0.0589114 0.0597901 0.0591505 0.0425302 0.0524719 0.0353897 0.0657296 0.0431108 0.0699276 0.0398797 0.0133410 0.0208063 0.0352645 0.0328461 0.0449672 0.0206292 0.0056898 0.0246385 -0.0443843 -0.0513702 0.0358234 0.0296122 0.0369266 -0.0054265 0.0217360 -0.1143810 0.0215359 -0.0173218 0.0079258 0.0077293 0.0330568 -0.0629695 0.0213568 -0.0844668 -0.2590164 -0.2663082 -0.2621128 -0.2601149 -0.2604924 -0.2586418 -0.2603230 -0.2626882 -0.2629792 -0.2671868 -0.2669011 -0.2670252 -0.2664969 -0.2686928 -0.2678352 -0.2677099 -0.2697757 -0.2687068
0.0805311 0.0825376 0.0862640 0.0809865 0.0857533 0.0818847 0.0852403 0.0852489 0.0833871 0.0799111 0.0814584 0.0809052 0.0822863 0.0787145 0.0837982 0.0860346 -0.0141826 0.0036725 0.0044868 -0.0089927 -0.0090599 0.0067969 -0.0029792 -0.0001909 0.1121027 0.0824926 0.0817662 0.0822114 0.0887962 0.1098860 0.8521498 0.0910158 0.0831844 0.0631051 0.0675011 0.0870659 0.0776048 0.0802580 0.0810420 0.0814659 0.0616345 0.0600253 0.0754183 0.0587195 0.0651800 0.0783142 0.0617024 0.0659928 -0.0075012 0.0507813 0.0319686 0.0260676 0.0389817 0.0435516 0.0488973 0.0218368 0.0176703 0.0257135 0.0735788 0.0362461 0.0694699 0.0584264 0.0586525 0.0548698 0.0477080 0.0545646 0.0386785 0.0667801 0.0432668 0.0775010 0.0404442 0.0121038 0.0201064 0.0442894 0.0424775 0.0391716 0.0248611 0.0044112 0.0254761 -0.0454183 -0.0574518 0.0343262 0.0300696 0.0424694 -0.0089895 0.0209856 -0.1180469 0.0244597 -0.0159047 0.0106215 0.0104094 0.0371280 -0.0713481 0.0322073 -0.0908292 -0.2784895 -0.2845626 -0.2791305 -0.2784281 -0.2783548 -0.2762116 -0.2794100 -0.2809664 -0.2828052 -0.2851140 -0.2854573 -0.2852254 -0.2855012 -0.2866340 -0.2861161 -0.2868235 -0.2875062 -0.2859738
0.0691003 0.0740076 0.0731162 0.0715313 0.0735207 0.0721841 0.0753227 0.0753474 0.0756665 0.0716249 0.0701957 0.0717898 0.0733500 0.0713424 0.0711224 0.0778045 -0.0168998 0.0013106 0.0009689 -0.0082142 -0.0160927 0.0042650 -0.0076714 0.0015143 0.0918676 0.0738418 0.0801380 0.0905657 0.0987229 0.0886741 0.0910158 0.8518623 0.0769441 0.0557116 0.0561086 0.0795016 0.0685942 0.0668321 0.0724932 0.0662633 0.0503821 0.0540114 0.0631071 0.0510877 0.0555629 0.0670798 0.0571477 0.0544008 -0.0042126 0.0429213 0.0255009 0.0208778 0.0289796 0.0443033 0.0421965 0.0203692 0.0188054 0.0281120 0.0560749 0.0371616 0.0646470 0.0591508 0.0593359 0.0508028 0.0403698 0.0479220 0.0382267 0.0547736 0.0386597 0.0656423 0.0440872 0.0154433 0.0190760 0.0331041 0.0325565 0.0407597 0.0249605 0.0047985 0.0206305 -0.0397137 -0.0493158 0.0313010 0.0233905 0.0351707 -0.0058227 0.0175456 -0.1055786 0.0159052 -0.0124738 -0.0017880 -0.0012349 0.0291206 -0.0577578 0.0288669 -0.0787773 -0.2491783 -0.2538877 -0.2499626 -0.2485494 -0.2476158 -0.2474491 -0.2493084 -0.2513569 -0.2520359 -0.2545865 -0.2548731 -0.2564874 -0.2569390 -0.2576668 -0.2578993 -0.2569815 -0.2582554 -0.2563435
0.0805926 0.0801337 0.0840633 0.0814429 0.0834910 0.0852547 0.0858307 0.0871556 0.0844999 0.0826826 0.0811104 0.0819855 0.0849342 0.0788128 0.0832569 0.0906297 -0.0153671 0.0045553 0.0034640 -0.0057360 -0.0157800 0.0059969 -0.0063182 -0.0015671 0.0824332 0.0826069 0.0794461 0.0649500 0.0713603 0.0719031 0.0831844 0.0769441 0.8511250 0.0635060 0.0746379 0.0944753 0.0752915 0.0848841 0.0894457 0.0878778 0.0599610 0.0660276 0.0775150 0.0619244 0.0666805 0.0695200 0.0598932 0.0700181 0.0001238 0.0572742 0.0355441 0.0200322 0.0404016 0.0454017 0.0473977 0.0225339 0.0236378 0.0291732 0.0742900 0.0381727 0.0735309 0.0634500 0.0623669 0.0624042 0.0520805 0.0585850 0.0435263 0.0687131 0.0442598 0.0723000 0.0437798 0.0177726 0.0185884 0.0494408 0.0433452 0.0413540 0.0300591 0.0086338 0.0276927 -0.0421760 -0.0523101 0.0357465 0.0306006 0.0423131 -0.0038789 0.0293723 -0.1218526 0.0296967 -0.0112960 0.0096372 0.0092089 0.0376744 -0.0690882 0.0211974 -0.0789117 -0.2825048 -0.2848546 -0.2835396 -0.2821157 -0.2815461 -0.2796007 -0.2815384 -0.2848566 -0.2854724 -0.2898720 -0.2888988 -0.2897130 -0.2896224 -0.2905636 -0.2908037 -0.2885653 -0.2897987 -0.2901398
0.0625255 0.0648090 0.0658111 0.0630000 0.0653292 0.0649992 0.0673478 0.0669772 0.0656466 0.0636179 0.0628037 0.0642188 0.0651972 0.0637232 0.0641922 0.0646779 -0.0027021 0.0099491 0.0096688 0.0028824 -0.0027240 0.0125621 0.0014771 0.0072241 0.0588397 0.0582149 0.0586767 0.0533462 0.0562095 0.0584225 0.0631051 0.0557116 0.0635060 0.9223508 0.0515605 0.0630608 0.0559257 0.0563127 0.0594769 0.0584940 0.0457569 0.0463484 0.0543555 0.0438975 0.0485124 0.0535594 0.0470087 0.0495785 0.0022591 0.0389790 0.0278255 0.0158703 0.0301701 0.0327032 0.0357230 0.0163908 0.0181944 0.0219687 0.0518441 0.0303993 0.0548268 0.0475408 0.0474600 0.0437025 0.0374050 0.0424739 0.0310379 0.0503206 0.0324525 0.0522285 0.0326653 0.0137654 0.0166653 0.0355495 0.0336695 0.0308646 0.0229086 0.0078728 0.0233141 -0.0315508 -0.0370618 0.0273141 0.0239599 0.0327626 -0.0006572 0.0190424 -0.0836217 0.0206388 -0.0082571 0.0120313 0.0116303 0.0294543 -0.0459925 0.0201522 -0.0598615 -0.2003825 -0.2042420 -0.2018921 -0.2005024 -0.2002530 -0.1981815 -0.2003390 -0.2022748 -0.2035680 -0.2068213 -0.2058489 -0.2071918 -0.2066879 -0.2077677 -0.2084226 -0.2072414 -0.2090947 -0.2076467
