0.1436232 0.0276677 0.7930844 0.0000996 0.0355250
0.1382228 0.0170826 0.8072776 0.0000993 0.0373176
0.1221944 0.0110205 0.8445491 0.0000994 0.0221367
0.1591795 0.0325091 0.7638499 0.0000993 0.0443623
0.0902027 0.0130268 0.8737612 0.0000996 0.0229097
0.1275700 0.0000996 0.8570063 0.0000996 0.0152244
0.1085650 0.0119810 0.8725742 0.0000993 0.0067806
0.1144423 0.0070700 0.8778946 0.0000994 0.0004936
0.1263817 0.0000996 0.8730207 0.0000996 0.0003984
0.1107950 0.0018552 0.8823881 0.0000999 0.0048617
0.0859047 0.0099403 0.9010047 0.0030502 0.0001000
0.0852346 0.0001000 0.9144655 0.0001000 0.0001000
0.1069404 0.0000997 0.8817224 0.0000997 0.0111378
0.1045328 0.0111553 0.8820457 0.0000998 0.0021663
0.2164814 0.0118513 0.7328214 0.0000992 0.0387466
0.2128560 0.0000992 0.7440478 0.0000992 0.0428979
0.1973409 0.0001000 0.5641012 0.2383578 0.0001000
0.0994579 0.0406668 0.6726613 0.1871139 0.0001000
0.0249398 0.0529889 0.7313918 0.1905795 0.0001000
0.0000997 0.1110590 0.6749375 0.1996878 0.0142160
0.0243737 0.0073895 0.7207160 0.2474209 0.0001000
0.0000997 0.1194415 0.6914011 0.1594659 0.0295919
0.0000999 0.0329994 0.7185457 0.2249825 0.0233726
0.0061089 0.0681065 0.7004442 0.1991289 0.0262116
0.6680435 0.0020139 0.2367438 0.0000990 0.0930998
0.5594865 0.0331945 0.2097005 0.0000987 0.1975198
0.5870290 0.0098656 0.2494725 0.0000989 0.1535340
0.5954531 0.0000999 0.1974416 0.0000999 0.2069055
0.6126618 0.0130672 0.1847082 0.0000992 0.1894635
0.6933017 0.0139691 0.1320071 0.0000988 0.1606233
0.6621001 0.0264806 0.1719445 0.0000979 0.1393769
0.6970147 0.0000994 0.1198290 0.0000994 0.1829574
0.5789637 0.0721127 0.1793809 0.0000973 0.1694454
0.4589660 0.1193247 0.2706861 0.0191267 0.1318966
0.6182586 0.0648772 0.1691789 0.0000997 0.1475857
0.5818577 0.0327106 0.2139021 0.0000978 0.1714318
0.5597938 0.0635762 0.2026489 0.0000987 0.1738824
0.5439678 0.1136433 0.2016224 0.0000984 0.1406681
0.5199964 0.0889545 0.2316591 0.0000979 0.1592920
0.5538502 0.0790741 0.2168521 0.0000983 0.1501253
0.5176204 0.0001000 0.2840298 0.0301071 0.1681426
0.5619465 0.0001000 0.1612579 0.0214336 0.2552620
0.5710583 0.1442623 0.1274739 0.0000984 0.1571070
0.5909606 0.0899480 0.2496050 0.0215956 0.0478909
0.4733618 0.0831105 0.3317721 0.0087974 0.1029582
0.5919473 0.0000999 0.2143827 0.0000999 0.1934702
0.6179923 0.0001000 0.1860523 0.0217818 0.1740735
0.3795070 0.3434444 0.0314824 0.0000978 0.2454684
0.5532191 0.1650785 0.1116124 0.1684782 0.0016118
0.4801905 0.2023264 0.1681034 0.0208143 0.1285654
0.3329006 0.1894172 0.1627368 0.0694901 0.2454553
0.5640790 0.0001001 0.1626686 0.1395257 0.1336266
0.3047415 0.2829944 0.1163550 0.0420008 0.2539083
0.6165084 0.0007472 0.1955461 0.0751063 0.1120921
0.6773092 0.0739940 0.0693577 0.0454468 0.1338923
0.6009021 0.1201732 0.1567402 0.1220711 0.0001133
0.5146343 0.0765663 0.0461791 0.1156383 0.2469820
0.4605267 0.0800880 0.1191338 0.1023854 0.2378660
0.1799309 0.0875472 0.0401727 0.0000993 0.6922500
0.4262389 0.0359852 0.1214089 0.0738550 0.3425120
0.0893491 0.0068614 0.0253225 0.0007556 0.8777113
0.0000998 0.0000998 0.0000998 0.0213512 0.9783493
0.0000998 0.0000998 0.0000998 0.0230259 0.9766746
0.5097725 0.2409587 0.1160355 0.0000998 0.1331335
0.6108338 0.2336147 0.0433226 0.0177557 0.0944732
0.8683093 0.0168885 0.0802139 0.0344883 0.0001000
0.8697140 0.0659408 0.0001001 0.0641451 0.0001001
0.3842592 0.3399464 0.0360506 0.0000977 0.2396461
0.9269304 0.0121555 0.0001001 0.0607138 0.0001001
0.6249633 0.0673477 0.1739399 0.0000995 0.1336495
0.9089369 0.0270334 0.0001000 0.0638296 0.0001000
0.7509846 0.0001001 0.0229872 0.1425019 0.0834263
0.5988587 0.0934640 0.0771448 0.1195225 0.1110101
0.4851817 0.1193709 0.1977247 0.0481746 0.1495482
0.4971535 0.1280478 0.0961852 0.0500880 0.2285255
0.5352913 0.0001001 0.1302490 0.0803259 0.2540337
0.5126542 0.0058267 0.1105600 0.1082054 0.2627537
0.3945605 0.2477586 0.0785979 0.1346502 0.1444328
0.4551602 0.1020655 0.1475711 0.0965704 0.1986328
0.6270319 0.0672011 0.0001002 0.3055667 0.0001002
0.6599088 0.0113218 0.0001002 0.3285690 0.0001002
0.7540735 0.0001001 0.0001001 0.0866197 0.1591066
0.7658700 0.0691707 0.0580165 0.0948734 0.0120694
0.5387626 0.0526254 0.0833621 0.0622749 0.2629750
0.7594602 0.0565363 0.0001001 0.1838033 0.0001001
0.6871479 0.0654814 0.0149473 0.1116353 0.1207881
0.3408922 0.0001000 0.0858856 0.5345578 0.0385643
0.5846254 0.1478583 0.0409948 0.0970145 0.1295069
0.5879683 0.1491656 0.0183646 0.2095516 0.0349499
0.0001000 0.9849907 0.0001000 0.0147094 0.0001000
0.0001000 0.9834459 0.0001000 0.0162543 0.0001000
0.6487437 0.2218797 0.0631787 0.0520792 0.0141187
0.4211647 0.0001000 0.1430075 0.3869066 0.0488212
0.8500496 0.0414978 0.0001001 0.1082525 0.0001001
0.4029788 0.1359277 0.0060950 0.4139151 0.0410833
0.0136236 0.0034715 0.0001000 0.9827048 0.0001000
0.0012151 0.0011282 0.0001000 0.9944334 0.0031234
0.0145807 0.0001000 0.0001000 0.9851192 0.0001000
0.0159332 0.0001000 0.0001000 0.9837667 0.0001000
0.0092935 0.0099572 0.0001000 0.9805493 0.0001000
0.0232592 0.0001000 0.0001000 0.9764407 0.0001000
0.0113041 0.0056250 0.0001000 0.9828708 0.0001000
0.0075199 0.0023564 0.0001000 0.9899237 0.0001000
0.0078866 0.0001000 0.0001000 0.9918134 0.0001000
0.0000999 0.0000999 0.0000999 0.9981587 0.0015415
0.0001000 0.0001000 0.0001000 0.9967753 0.0029248
0.0001000 0.0002046 0.0001000 0.9994538 0.0001417
0.0001000 0.0001000 0.0001000 0.9978467 0.0018535
0.0001000 0.0001406 0.0001000 0.9995595 0.0001000
0.0000999 0.0000999 0.0000999 0.9985281 0.0011721
0.0000999 0.0000999 0.0000999 0.9977598 0.0019404
0.0000999 0.0013631 0.0000999 0.9983371 0.0000999
0.0000999 0.0000999 0.0000999 0.9980387 0.0016615
