0.8786006 0.1776695 0.1439498 0.1645553 0.1488844 0.1434392 0.1469755 0.1524683 0.1470712 0.1434388 0.1442498 0.1517320 0.1420740 0.1402099 0.1345865 0.1373176 0.0321176 0.0517075 0.0534280 0.0480787 0.0447427 0.0679637 0.0475498 0.0518868 0.0708119 0.0658687 0.0703479 0.0556260 0.0591619 0.0564878 0.0674601 0.0558242 0.0679565 0.0545228 0.0536403 0.0709986 0.0620960 0.0604177 0.0691021 0.0638426 0.0551931 0.0486007 0.0492843 0.0488031 0.0639921 0.0620801 0.0510779 0.0337293 -0.0157520 0.0344408 0.0179738 0.0097070 0.0143507 0.0323513 0.0202741 0.0074425 -0.0015510 0.0081662 0.0403459 0.0220675 0.0437227 0.0270315 0.0254521 0.0378550 0.0152881 0.0367557 0.0084322 0.0349560 0.0053706 0.0525942 0.0125942 -0.0062027 -0.0018072 0.0336547 0.0177209 0.0215369 0.0137870 -0.0126395 0.0118412 -0.0718476 -0.0810888 0.0031118 0.0055362 0.0193631 -0.0322990 -0.0065850 -0.1213763 -0.0006174 -0.0369667 -0.0326154 -0.0330155 0.0105264 -0.0667675 -0.0020179 -0.1048307 -0.2736540 -0.2765950 -0.2755404 -0.2735264 -0.2734244 -0.2722888 -0.2729185 -0.2739952 -0.2752827 -0.2770724 -0.2793354 -0.2781303 -0.2779744 -0.2790809 -0.2793159 -0.2782062 -0.2819266 -0.2777690
0.1776695 0.8863211 0.1470535 0.1744127 0.1510516 0.1502314 0.1523751 0.1549177 0.1499524 0.1477110 0.1504547 0.1538757 0.1508531 0.1455992 0.1377126 0.1422736 0.0288176 0.0558882 0.0586219 0.0517188 0.0416328 0.0676311 0.0503917 0.0473348 0.0722236 0.0672555 0.0735691 0.0586317 0.0621130 0.0594318 0.0696105 0.0605379 0.0676149 0.0564528 0.0540395 0.0727359 0.0628557 0.0642566 0.0725610 0.0675266 0.0584613 0.0499550 0.0504327 0.0531029 0.0653364 0.0642346 0.0480594 0.0312189 -0.0163543 0.0394181 0.0182867 0.0090710 0.0155336 0.0316309 0.0211013 0.0075882 -0.0037902 0.0098709 0.0420012 0.0237893 0.0425786 0.0291160 0.0280635 0.0385458 0.0191681 0.0382257 0.0122633 0.0329315 0.0050596 0.0541046 0.0131408 -0.0066010 -0.0014486 0.0333337 0.0186485 0.0268882 0.0115049 -0.0142961 0.0142770 -0.0757424 -0.0826566 0.0028280 0.0055164 0.0175018 -0.0360252 -0.0050783 -0.1242441 0.0023770 -0.0385568 -0.0345333 -0.0363503 0.0124207 -0.0698026 0.0016492 -0.1059438 -0.2821351 -0.2860360 -0.2836883 -0.2816090 -0.2823679 -0.2821349 -0.2812527 -0.2856091 -0.2848241 -0.2865319 -0.2863010 -0.2887225 -0.2865344 -0.2878685 -0.2871716 -0.2874406 -0.2910990 -0.2870437
0.1439498 0.1470535 0.8817583 0.1434405 0.1887888 0.1827374 0.2003447 0.1900928 0.1538236 0.1522856 0.1532631 0.1563609 0.1528648 0.1495531 0.1424153 0.1449243 0.0363728 0.0546223 0.0633177 0.0499287 0.0464033 0.0706765 0.0527883 0.0512355 0.0705585 0.0662403 0.0748647 0.0621231 0.0608394 0.0604125 0.0717164 0.0584049 0.0699657 0.0567733 0.0562293 0.0760997 0.0669133 0.0611106 0.0717107 0.0697087 0.0626338 0.0531067 0.0486181 0.0504185 0.0686020 0.0684344 0.0506761 0.0305179 -0.0202394 0.0336957 0.0211062 0.0078121 0.0158532 0.0319463 0.0202125 0.0071863 -0.0013978 0.0074789 0.0372133 0.0219267 0.0419200 0.0253608 0.0255953 0.0328763 0.0131952 0.0315255 0.0082180 0.0314785 0.0030344 0.0504538 0.0111538 -0.0062360 -0.0026514 0.0348199 0.0203895 0.0230710 0.0106970 -0.0164935 0.0129509 -0.0794697 -0.0898981 0.0024611 0.0071047 0.0168523 -0.0372506 -0.0052989 -0.1236604 -0.0067878 -0.0413692 -0.0354222 -0.0364677 0.0096441 -0.0723108 -0.0020466 -0.1108271 -0.2848096 -0.2888190 -0.2875037 -0.2833925 -0.2836257 -0.2828178 -0.2845469 -0.2852733 -0.2876370 -0.2892544 -0.2900167 -0.2908806 -0.2896208 -0.2900821 -0.2908277 -0.2900943 -0.2939818 -0.2911991
0.1645553 0.1744127 0.1434405 0.8866189 0.1437909 0.1438962 0.1433846 0.1495180 0.1452661 0.1393450 0.1446613 0.1458836 0.1394840 0.1399613 0.1332048 0.1368125 0.0317633 0.0517364 0.0557624 0.0459967 0.0394322 0.0642395 0.0480427 0.0492818 0.0719244 0.0649762 0.0725275 0.0614651 0.0615897 0.0588313 0.0683448 0.0586004 0.0691259 0.0553410 0.0553800 0.0704634 0.0631824 0.0645787 0.0702325 0.0667153 0.0580999 0.0515157 0.0546767 0.0530624 0.0671318 0.0641447 0.0493905 0.0339897 -0.0146749 0.0374187 0.0225340 0.0085841 0.0158425 0.0326010 0.0244524 0.0076951 0.0001154 0.0117587 0.0418955 0.0258480 0.0418030 0.0280324 0.0282922 0.0390569 0.0203007 0.0348534 0.0089282 0.0363066 0.0059951 0.0549731 0.0136715 -0.0025748 -0.0018537 0.0343527 0.0210321 0.0237925 0.0130255 -0.0115819 0.0138850 -0.0730595 -0.0808880 0.0047434 0.0104649 0.0209725 -0.0337772 -0.0058832 -0.1226321 0.0006086 -0.0378465 -0.0312180 -0.0309013 0.0141756 -0.0681928 0.0006228 -0.1028717 -0.2765864 -0.2793899 -0.2767881 -0.2746388 -0.2765740 -0.2744406 -0.2755429 -0.2776467 -0.2783254 -0.2812160 -0.2808158 -0.2815990 -0.2811435 -0.2810715 -0.2809107 -0.2800432 -0.2849912 -0.2795224
0.1488844 0.1510516 0.1887888 0.1437909 0.8942940 0.1974258 0.2021880 0.1996295 0.1563082 0.1539048 0.1558900 0.1601863 0.1546534 0.1520636 0.1421190 0.1481073 0.0359907 0.0612423 0.0636104 0.0566892 0.0505400 0.0759138 0.0588923 0.0562720 0.0724778 0.0646470 0.0737226 0.0584575 0.0595837 0.0569956 0.0697909 0.0571972 0.0677191 0.0558822 0.0509542 0.0735688 0.0622183 0.0614562 0.0727387 0.0655577 0.0641809 0.0512378 0.0465399 0.0511556 0.0676874 0.0640087 0.0507048 0.0252729 -0.0183961 0.0342689 0.0171129 0.0106216 0.0116619 0.0318309 0.0174765 0.0050086 -0.0047633 0.0066857 0.0358041 0.0157327 0.0401629 0.0267047 0.0233680 0.0330838 0.0156307 0.0339908 0.0059123 0.0262233 0.0011077 0.0542975 0.0082699 -0.0101125 -0.0063485 0.0335687 0.0186590 0.0230859 0.0088589 -0.0188132 0.0113448 -0.0806513 -0.0917803 0.0000687 0.0024188 0.0147266 -0.0372844 -0.0068149 -0.1234679 -0.0065244 -0.0410984 -0.0386834 -0.0392322 0.0092865 -0.0711572 -0.0074371 -0.1077820 -0.2830569 -0.2851512 -0.2832696 -0.2800623 -0.2813430 -0.2801189 -0.2813770 -0.2819641 -0.2824826 -0.2849432 -0.2874899 -0.2873695 -0.2865423 -0.2876479 -0.2867341 -0.2863891 -0.2915259 -0.2861378
0.1434392 0.1502314 0.1827374 0.1438962 0.1974258 0.8905303 0.1954713 0.1934822 0.1541759 0.1523889 0.1541981 0.1600406 0.1514870 0.1502691 0.1415221 0.1469170 0.0362011 0.0563814 0.0629549 0.0533686 0.0472714 0.0716320 0.0549261 0.0531561 0.0736925 0.0678462 0.0739524 0.0594543 0.0623287 0.0604970 0.0667711 0.0567294 0.0706787 0.0556073 0.0506052 0.0712981 0.0595066 0.0575974 0.0665326 0.0660569 0.0616958 0.0504940 0.0502306 0.0499916 0.0677241 0.0639084 0.0504803 0.0258581 -0.0187399 0.0322598 0.0147354 0.0103420 0.0128089 0.0321326 0.0167416 0.0078186 -0.0078307 0.0059135 0.0347414 0.0180843 0.0401942 0.0236147 0.0227733 0.0354287 0.0152440 0.0349259 0.0062927 0.0268175 0.0045411 0.0536332 0.0069331 -0.0095379 -0.0055771 0.0328019 0.0179296 0.0222522 0.0105952 -0.0198990 0.0125884 -0.0787374 -0.0913402 0.0011035 0.0062248 0.0167320 -0.0386434 -0.0031756 -0.1233144 -0.0068922 -0.0403406 -0.0400428 -0.0415492 0.0094933 -0.0695975 -0.0073796 -0.1063283 -0.2821587 -0.2839334 -0.2840587 -0.2803189 -0.2806911 -0.2797490 -0.2812943 -0.2831548 -0.2820789 -0.2868430 -0.2861038 -0.2864884 -0.2873003 -0.2879798 -0.2859800 -0.2852255 -0.2888906 -0.2875958
0.1469755 0.1523751 0.2003447 0.1433846 0.2021880 0.1954713 0.8876330 0.2067172 0.1566328 0.1552885 0.1571152 0.1624683 0.1541630 0.1554304 0.1416210 0.1495294 0.0330551 0.0570320 0.0639621 0.0557642 0.0471259 0.0712891 0.0551763 0.0491313 0.0734246 0.0679727 0.0750931 0.0619874 0.0620668 0.0622700 0.0702849 0.0602042 0.0717888 0.0578490 0.0559592 0.0755165 0.0618747 0.0630598 0.0730847 0.0721438 0.0633707 0.0507562 0.0500873 0.0517890 0.0672074 0.0645897 0.0512145 0.0280811 -0.0182356 0.0343614 0.0184756 0.0090014 0.0132777 0.0330854 0.0168405 0.0072408 -0.0020314 0.0064815 0.0362088 0.0150237 0.0400456 0.0279536 0.0254954 0.0369587 0.0185804 0.0373648 0.0100808 0.0301613 0.0036694 0.0566101 0.0097273 -0.0082842 -0.0049732 0.0347060 0.0202856 0.0245619 0.0107363 -0.0165605 0.0122912 -0.0801255 -0.0909180 0.0017465 0.0069424 0.0152704 -0.0373510 -0.0047846 -0.1286226 -0.0068841 -0.0411447 -0.0363886 -0.0378078 0.0083699 -0.0737404 -0.0069788 -0.1123763 -0.2909802 -0.2949605 -0.2925846 -0.2908988 -0.2911523 -0.2883217 -0.2918351 -0.2930206 -0.2926758 -0.2958483 -0.2959443 -0.2979907 -0.2953111 -0.2975013 -0.2963565 -0.2969305 -0.2971928 -0.2963486
0.1524683 0.1549177 0.1900928 0.1495180 0.1996295 0.1934822 0.2067172 0.8965399 0.1613332 0.1561288 0.1602515 0.1674515 0.1562721 0.1573323 0.1465689 0.1500198 0.0372194 0.0579144 0.0686520 0.0574119 0.0507913 0.0771496 0.0584409 0.0518887 0.0731211 0.0686207 0.0740222 0.0604502 0.0610558 0.0584802 0.0692254 0.0589933 0.0715993 0.0573504 0.0535671 0.0751482 0.0631088 0.0626306 0.0723735 0.0690458 0.0642837 0.0504783 0.0498290 0.0526460 0.0659651 0.0667003 0.0497307 0.0277324 -0.0193560 0.0343126 0.0151459 0.0128587 0.0116931 0.0335570 0.0192769 0.0057724 -0.0042173 0.0034770 0.0332217 0.0183700 0.0408433 0.0248218 0.0234902 0.0327031 0.0149197 0.0355330 0.0062090 0.0284022 0.0036754 0.0536957 0.0091577 -0.0076217 -0.0055045 0.0363069 0.0182174 0.0241649 0.0109301 -0.0186500 0.0122170 -0.0807828 -0.0918545 -0.0003988 0.0060576 0.0163980 -0.0356276 -0.0063053 -0.1263157 -0.0034421 -0.0421500 -0.0389146 -0.0403996 0.0090758 -0.0720871 -0.0046449 -0.1088634 -0.2891119 -0.2919888 -0.2899840 -0.2870989 -0.2886598 -0.2871825 -0.2886702 -0.2905404 -0.2910702 -0.2929566 -0.2944099 -0.2936189 -0.2940968 -0.2942999 -0.2943167 -0.2931357 -0.2973704 -0.2936106
0.1470712 0.1499524 0.1538236 0.1452661 0.1563082 0.1541759 0.1566328 0.1613332 0.8987201 0.1882717 0.1972326 0.1944236 0.1912979 0.1854110 0.1491974 0.1547754 0.0372427 0.0607616 0.0659365 0.0617973 0.0502935 0.0754332 0.0610452 0.0563636 0.0730290 0.0639515 0.0724687 0.0607079 0.0605586 0.0585176 0.0669706 0.0591967 0.0686095 0.0559560 0.0507988 0.0717392 0.0610407 0.0601825 0.0679478 0.0659218 0.0614451 0.0448684 0.0462579 0.0556220 0.0698232 0.0643216 0.0529057 0.0276088 -0.0194207 0.0332552 0.0191332 0.0043981 0.0104497 0.0320673 0.0221856 0.0068440 -0.0067937 0.0087425 0.0332875 0.0188064 0.0373199 0.0233229 0.0231873 0.0322571 0.0133137 0.0360127 0.0070555 0.0288734 0.0019932 0.0542741 0.0087253 -0.0085185 -0.0008685 0.0318636 0.0163465 0.0208595 0.0049612 -0.0177094 0.0121550 -0.0799217 -0.0871308 0.0008164 -0.0005500 0.0177397 -0.0407821 -0.0088852 -0.1205195 -0.0033323 -0.0422192 -0.0453333 -0.0455949 0.0103630 -0.0728292 -0.0051580 -0.1094933 -0.2850283 -0.2872053 -0.2845371 -0.2822967 -0.2826616 -0.2825981 -0.2838741 -0.2853031 -0.2860563 -0.2874053 -0.2891906 -0.2876640 -0.2885391 -0.2892476 -0.2878035 -0.2893727 -0.2940795 -0.2880176
0.1434388 0.1477110 0.1522856 0.1393450 0.1539048 0.1523889 0.1552885 0.1561288 0.1882717 0.8928335 0.1849975 0.1909641 0.1993306 0.1838265 0.1416826 0.1493521 0.0354113 0.0590888 0.0619429 0.0607518 0.0501161 0.0731859 0.0587475 0.0573074 0.0695842 0.0630236 0.0692732 0.0595692 0.0584558 0.0545020 0.0640203 0.0554825 0.0671118 0.0540386 0.0511758 0.0714423 0.0567412 0.0571328 0.0690010 0.0659333 0.0576608 0.0460380 0.0459032 0.0540430 0.0660126 0.0607322 0.0484804 0.0271239 -0.0214180 0.0329507 0.0167356 0.0097524 0.0111521 0.0333612 0.0157167 0.0066364 -0.0063427 0.0052810 0.0323203 0.0175711 0.0369463 0.0221643 0.0199434 0.0293658 0.0142116 0.0334213 0.0046655 0.0277270 -0.0001629 0.0488955 0.0057555 -0.0088074 -0.0030160 0.0297598 0.0144124 0.0206497 0.0059748 -0.0180316 0.0113226 -0.0775065 -0.0893062 -0.0006410 0.0019648 0.0163686 -0.0414025 -0.0070084 -0.1199797 -0.0078038 -0.0420991 -0.0430610 -0.0429020 0.0078625 -0.0702138 -0.0080837 -0.1051973 -0.2778033 -0.2791930 -0.2794232 -0.2745202 -0.2750077 -0.2738270 -0.2769343 -0.2765944 -0.2780586 -0.2797921 -0.2816546 -0.2813572 -0.2798968 -0.2813769 -0.2810581 -0.2806383 -0.2843139 -0.2812153
0.1442498 0.1504547 0.1532631 0.1446613 0.1558900 0.1541981 0.1571152 0.1602515 0.1972326 0.1849975 0.9162329 0.2024587 0.1902829 0.1862864 0.1485830 0.1510592 0.0422673 0.0649843 0.0726688 0.0640964 0.0569018 0.0793945 0.0648349 0.0596134 0.0667669 0.0599981 0.0681170 0.0578796 0.0581483 0.0524180 0.0633751 0.0518134 0.0631353 0.0526607 0.0481326 0.0689564 0.0582862 0.0562614 0.0663951 0.0614852 0.0592144 0.0456618 0.0442250 0.0515126 0.0657369 0.0615352 0.0469730 0.0219495 -0.0206975 0.0290978 0.0175907 0.0057104 0.0086222 0.0283055 0.0159952 0.0043673 -0.0086365 0.0065581 0.0320068 0.0188384 0.0323312 0.0173275 0.0165910 0.0285492 0.0092104 0.0311339 0.0026689 0.0231923 -0.0034333 0.0458022 0.0031594 -0.0122413 -0.0050824 0.0296814 0.0151993 0.0186580 0.0048698 -0.0181444 0.0067328 -0.0789072 -0.0890260 -0.0041380 0.0014755 0.0129936 -0.0435775 -0.0129387 -0.1172403 -0.0075318 -0.0458485 -0.0456499 -0.0456318 0.0078804 -0.0711481 -0.0067406 -0.1074200 -0.2711768 -0.2744122 -0.2729026 -0.2686400 -0.2706108 -0.2698520 -0.2710158 -0.2721431 -0.2721953 -0.2724119 -0.2756111 -0.2755856 -0.2752249 -0.2769591 -0.2749586 -0.2775795 -0.2815035 -0.2754066
0.1517320 0.1538757 0.1563609 0.1458836 0.1601863 0.1600406 0.1624683 0.1674515 0.1944236 0.1909641 0.2024587 0.9104195 0.1955571 0.1901488 0.1460301 0.1565839 0.0391886 0.0646351 0.0694272 0.0632770 0.0528908 0.0799755 0.0640776 0.0580213 0.0675282 0.0599674 0.0699998 0.0580640 0.0576441 0.0525012 0.0630815 0.0538917 0.0647850 0.0537922 0.0526476 0.0725069 0.0597073 0.0559965 0.0676609 0.0627686 0.0610261 0.0450936 0.0472308 0.0514648 0.0682067 0.0603876 0.0500509 0.0224803 -0.0237421 0.0293055 0.0159684 0.0065132 0.0111292 0.0323403 0.0160791 0.0028620 -0.0076768 0.0096786 0.0309611 0.0154594 0.0323414 0.0182689 0.0175827 0.0280979 0.0114733 0.0308532 0.0045482 0.0241779 -0.0021701 0.0504613 0.0065950 -0.0124718 -0.0049549 0.0276628 0.0122948 0.0206297 0.0048861 -0.0218400 0.0100578 -0.0784890 -0.0899501 -0.0039827 0.0004006 0.0113779 -0.0459493 -0.0110284 -0.1177407 -0.0091778 -0.0449139 -0.0462196 -0.0466293 0.0042054 -0.0691416 -0.0113650 -0.1094109 -0.2790835 -0.2803284 -0.2789046 -0.2760983 -0.2773303 -0.2768986 -0.2779100 -0.2776757 -0.2806176 -0.2794112 -0.2816066 -0.2819963 -0.2818342 -0.2818933 -0.2811676 -0.2828382 -0.2864665 -0.2826969
0.1420740 0.1508531 0.1528648 0.1394840 0.1546534 0.1514870 0.1541630 0.1562721 0.1912979 0.1993306 0.1902829 0.1955571 0.8994464 0.1916748 0.1452212 0.1502230 0.0331173 0.0600626 0.0646220 0.0581109 0.0492853 0.0749671 0.0589916 0.0546207 0.0694093 0.0632026 0.0740100 0.0592358 0.0604220 0.0564260 0.0661446 0.0571343 0.0692088 0.0553832 0.0492088 0.0718568 0.0620241 0.0612041 0.0711209 0.0644996 0.0590906 0.0462495 0.0483626 0.0566721 0.0671126 0.0632183 0.0526795 0.0247109 -0.0203324 0.0341158 0.0145134 0.0109122 0.0149429 0.0288029 0.0196984 0.0053958 -0.0068246 0.0081612 0.0361957 0.0177199 0.0399577 0.0224639 0.0219472 0.0297748 0.0168057 0.0348650 0.0047527 0.0269241 0.0003568 0.0513747 0.0073569 -0.0080949 -0.0056096 0.0327156 0.0162726 0.0229315 0.0071252 -0.0166475 0.0120148 -0.0810219 -0.0896293 -0.0019063 0.0003598 0.0171225 -0.0421555 -0.0091334 -0.1224886 -0.0066873 -0.0429706 -0.0435389 -0.0434450 0.0085235 -0.0738967 -0.0057756 -0.1097158 -0.2826177 -0.2855737 -0.2837920 -0.2786894 -0.2800512 -0.2801041 -0.2820815 -0.2826707 -0.2838553 -0.2849183 -0.2876608 -0.2861207 -0.2873638 -0.2881946 -0.2869776 -0.2865435 -0.2919091 -0.2872582
0.1402099 0.1455992 0.1495531 0.1399613 0.1520636 0.1502691 0.1554304 0.1573323 0.1854110 0.1838265 0.1862864 0.1901488 0.1916748 0.9011416 0.1450635 0.1437841 0.0391581 0.0608382 0.0668701 0.0563290 0.0498744 0.0754506 0.0577863 0.0565427 0.0709601 0.0585309 0.0684198 0.0593661 0.0603593 0.0536922 0.0627150 0.0550500 0.0634336 0.0541026 0.0506073 0.0712755 0.0611306 0.0573706 0.0675360 0.0663512 0.0579032 0.0475936 0.0487588 0.0530219 0.0656568 0.0627140 0.0504204 0.0279459 -0.0198433 0.0321041 0.0166498 0.0080497 0.0109139 0.0289795 0.0186311 0.0069378 -0.0081937 0.0074636 0.0354309 0.0184069 0.0377863 0.0212276 0.0205858 0.0320477 0.0144286 0.0321322 0.0041293 0.0295137 0.0009563 0.0495300 0.0060147 -0.0112206 -0.0040702 0.0317023 0.0172958 0.0240409 0.0091888 -0.0177573 0.0103551 -0.0792022 -0.0878613 -0.0032573 0.0015258 0.0149328 -0.0420996 -0.0087190 -0.1199198 -0.0072815 -0.0429291 -0.0416690 -0.0419510 0.0095674 -0.0725515 -0.0008786 -0.1084199 -0.2776236 -0.2798686 -0.2784334 -0.2759641 -0.2766063 -0.2748841 -0.2777960 -0.2775843 -0.2791028 -0.2793927 -0.2818713 -0.2819882 -0.2804154 -0.2829790 -0.2821107 -0.2816155 -0.2850811 -0.2827491
0.1345865 0.1377126 0.1424153 0.1332048 0.1421190 0.1415221 0.1416210 0.1465689 0.1491974 0.1416826 0.1485830 0.1460301 0.1452212 0.1450635 0.8796135 0.1392809 0.0291921 0.0483630 0.0532573 0.0425531 0.0384462 0.0662368 0.0449984 0.0440190 0.0710847 0.0676955 0.0758319 0.0620882 0.0638947 0.0616904 0.0720360 0.0591530 0.0718884 0.0568287 0.0594225 0.0721707 0.0633447 0.0665360 0.0714743 0.0695745 0.0599349 0.0520874 0.0529254 0.0555949 0.0658358 0.0682403 0.0491287 0.0365405 -0.0153642 0.0374411 0.0238582 0.0110510 0.0179758 0.0364381 0.0272335 0.0072809 0.0020027 0.0165423 0.0439765 0.0257197 0.0458964 0.0322274 0.0292488 0.0349785 0.0223710 0.0369788 0.0141989 0.0378425 0.0089694 0.0554017 0.0157941 -0.0010226 0.0030301 0.0334781 0.0217174 0.0245771 0.0112270 -0.0123144 0.0159377 -0.0693565 -0.0797024 0.0095831 0.0136662 0.0231875 -0.0302440 -0.0013924 -0.1211828 0.0016236 -0.0351657 -0.0298356 -0.0299062 0.0132851 -0.0664132 0.0002565 -0.1011559 -0.2780972 -0.2828707 -0.2825047 -0.2788011 -0.2785905 -0.2768239 -0.2810125 -0.2809339 -0.2812560 -0.2842088 -0.2848553 -0.2847915 -0.2844654 -0.2847643 -0.2855356 -0.2850245 -0.2881110 -0.2857783
0.1373176 0.1422736 0.1449243 0.1368125 0.1481073 0.1469170 0.1495294 0.1500198 0.1547754 0.1493521 0.1510592 0.1565839 0.1502230 0.1437841 0.1392809 0.8831652 0.0260215 0.0513656 0.0547905 0.0502279 0.0402116 0.0651502 0.0477732 0.0475925 0.0741624 0.0716188 0.0769180 0.0621851 0.0660528 0.0626482 0.0734004 0.0649866 0.0782463 0.0570805 0.0592309 0.0768305 0.0633466 0.0671094 0.0729070 0.0686172 0.0631240 0.0538039 0.0574690 0.0533691 0.0666224 0.0693264 0.0541759 0.0330776 -0.0138821 0.0365116 0.0233605 0.0104695 0.0172929 0.0371207 0.0249039 0.0069449 -0.0005586 0.0151840 0.0418449 0.0249585 0.0472446 0.0312462 0.0300002 0.0365523 0.0232067 0.0407216 0.0140433 0.0352347 0.0070090 0.0557122 0.0174828 -0.0040466 0.0029914 0.0369688 0.0204367 0.0297605 0.0128159 -0.0135021 0.0156912 -0.0706123 -0.0812899 0.0080849 0.0082922 0.0195164 -0.0305717 -0.0022468 -0.1223365 0.0011797 -0.0358912 -0.0332076 -0.0332819 0.0150156 -0.0498781 -0.0025653 -0.1045250 -0.2834369 -0.2867347 -0.2855106 -0.2796997 -0.2825147 -0.2798945 -0.2830181 -0.2841603 -0.2858216 -0.2871316 -0.2889821 -0.2888648 -0.2885601 -0.2897779 -0.2894533 -0.2894650 -0.2922173 -0.2891569
0.0321176 0.0288176 0.0363728 0.0317633 0.0359907 0.0362011 0.0330551 0.0372194 0.0372427 0.0354113 0.0422673 0.0391886 0.0331173 0.0391581 0.0291921 0.0260215 0.9830089 0.0444343 0.0508475 0.0651539 0.0622971 0.0471755 0.0530830 0.0623834 -0.0162399 -0.0194250 -0.0165437 -0.0129414 -0.0220841 -0.0242896 -0.0256787 -0.0287031 -0.0266392 -0.0082937 -0.0155875 -0.0195497 -0.0155608 -0.0173139 -0.0178451 -0.0185474 -0.0022881 -0.0128085 -0.0296272 -0.0151300 -0.0111359 -0.0109579 -0.0113306 -0.0389318 -0.0097594 -0.0237254 -0.0183933 -0.0089463 -0.0336307 -0.0107855 -0.0173692 -0.0204131 -0.0198300 -0.0232066 -0.0370247 -0.0205073 -0.0308099 -0.0411367 -0.0405028 -0.0271711 -0.0320835 -0.0248251 -0.0373106 -0.0378424 -0.0370209 -0.0226908 -0.0321776 -0.0206132 -0.0180912 -0.0150465 -0.0237299 -0.0227797 -0.0192798 -0.0279573 -0.0154561 -0.0203464 -0.0229523 -0.0294347 -0.0179418 -0.0229885 -0.0260473 -0.0294418 -0.0024976 -0.0238872 -0.0202758 -0.0561510 -0.0555729 -0.0380927 -0.0088721 -0.0221458 -0.0147006 0.0123525 0.0127036 0.0125816 0.0143407 0.0129026 0.0121242 0.0134693 0.0149828 0.0134963 0.0151251 0.0134196 0.0123726 0.0136333 0.0127897 0.0132878 0.0146217 0.0064407 0.0125914
0.0517075 0.0558882 0.0546223 0.0517364 0.0612423 0.0563814 0.0570320 0.0579144 0.0607616 0.0590888 0.0649843 0.0646351 0.0600626 0.0608382 0.0483630 0.0513656 0.0444343 0.9541419 0.0649921 0.0629896 0.0556970 0.0599462 0.0597197 0.0549721 0.0024749 -0.0080018 -0.0003213 -0.0042401 -0.0018680 -0.0113315 -0.0082860 -0.0110319 -0.0069942 0.0035397 -0.0099902 -0.0051626 -0.0033164 -0.0058252 -0.0025183 -0.0063014 0.0073405 -0.0121742 -0.0100268 -0.0003888 0.0067060 -0.0025418 -0.0052330 -0.0252644 -0.0206510 -0.0137955 -0.0095785 -0.0189536 -0.0222632 -0.0017038 -0.0243173 -0.0178827 -0.0221941 -0.0141310 -0.0211536 -0.0132453 -0.0205604 -0.0301644 -0.0307264 -0.0158430 -0.0230898 -0.0174033 -0.0283598 -0.0248831 -0.0344388 -0.0095319 -0.0254958 -0.0169398 -0.0172899 -0.0062679 -0.0155839 -0.0021439 -0.0158965 -0.0185426 -0.0076735 -0.0324119 -0.0381685 -0.0214990 -0.0145423 -0.0157159 -0.0253337 -0.0162340 -0.0233577 -0.0240968 -0.0267313 -0.0466083 -0.0466585 -0.0204623 -0.0149721 -0.0277832 -0.0272439 -0.0435599 -0.0462758 -0.0452738 -0.0413772 -0.0437444 -0.0432323 -0.0454916 -0.0445985 -0.0427295 -0.0421486 -0.0457769 -0.0471699 -0.0477459 -0.0466231 -0.0450095 -0.0458595 -0.0513672 -0.0443539
0.0534280 0.0586219 0.0633177 0.0557624 0.0636104 0.0629549 0.0639621 0.0686520 0.0659365 0.0619429 0.0726688 0.0694272 0.0646220 0.0668701 0.0532573 0.0547905 0.0508475 0.0649921 0.9680662 0.0656512 0.0693202 0.0674427 0.0619916 0.0615442 0.0005333 -0.0032299 0.0037162 -0.0048212 -0.0062616 -0.0131760 -0.0087756 -0.0129038 -0.0095946 0.0024686 -0.0156581 -0.0009172 -0.0065610 -0.0086102 -0.0036661 -0.0016636 0.0046375 -0.0109427 -0.0156484 -0.0050258 0.0139283 -0.0011384 -0.0082985 -0.0273259 -0.0171075 -0.0113087 -0.0122839 -0.0190466 -0.0183231 -0.0038858 -0.0192854 -0.0110267 -0.0281714 -0.0200360 -0.0250508 -0.0121428 -0.0241989 -0.0318816 -0.0313620 -0.0127254 -0.0274757 -0.0189278 -0.0295027 -0.0253037 -0.0404474 -0.0102026 -0.0331686 -0.0283481 -0.0223001 -0.0063986 -0.0195232 -0.0111714 -0.0160438 -0.0264316 -0.0146731 -0.0324084 -0.0339000 -0.0310489 -0.0137494 -0.0249918 -0.0334842 -0.0234008 -0.0274138 -0.0260414 -0.0405241 -0.0504500 -0.0521210 -0.0242665 -0.0188828 -0.0272317 -0.0375374 -0.0415719 -0.0436087 -0.0439791 -0.0408177 -0.0404865 -0.0411974 -0.0423805 -0.0409004 -0.0432480 -0.0389356 -0.0431409 -0.0452086 -0.0427731 -0.0428796 -0.0442126 -0.0421389 -0.0456342 -0.0448376
0.0480787 0.0517188 0.0499287 0.0459967 0.0566892 0.0533686 0.0557642 0.0574119 0.0617973 0.0607518 0.0640964 0.0632770 0.0581109 0.0563290 0.0425531 0.0502279 0.0651539 0.0629896 0.0656512 0.9944850 0.0632426 0.0752613 0.0816492 0.0610906 -0.0092801 -0.0147621 -0.0096347 -0.0138738 -0.0172594 -0.0237383 -0.0232818 -0.0229458 -0.0192940 -0.0045177 -0.0191400 -0.0120685 -0.0092049 -0.0180826 -0.0128319 -0.0162252 -0.0071856 -0.0197555 -0.0294955 -0.0123477 -0.0014159 -0.0152632 -0.0206290 -0.0321973 -0.0189277 -0.0171255 -0.0142055 -0.0110724 -0.0174845 -0.0111697 -0.0273892 -0.0294798 -0.0286293 -0.0189427 -0.0324099 -0.0154133 -0.0329773 -0.0414937 -0.0420229 -0.0307901 -0.0304015 -0.0277244 -0.0340606 -0.0317093 -0.0475377 -0.0157580 -0.0362257 -0.0306646 -0.0255115 -0.0026521 -0.0195481 -0.0232108 -0.0239689 -0.0316254 -0.0210999 -0.0321925 -0.0484093 -0.0367975 -0.0376445 -0.0221399 -0.0426939 -0.0294493 -0.0084897 -0.0245428 -0.0264747 -0.0516188 -0.0522346 -0.0291366 -0.0064761 -0.0467460 -0.0228341 -0.0130248 -0.0145192 -0.0131398 -0.0100541 -0.0094219 -0.0126108 -0.0139222 -0.0083494 -0.0093902 -0.0085164 -0.0101756 -0.0117379 -0.0095088 -0.0116822 -0.0090695 -0.0106803 -0.0141116 -0.0137695
0.0447427 0.0416328 0.0464033 0.0394322 0.0505400 0.0472714 0.0471259 0.0507913 0.0502935 0.0501161 0.0569018 0.0528908 0.0492853 0.0498744 0.0384462 0.0402116 0.0622971 0.0556970 0.0693202 0.0632426 1.0053837 0.0696796 0.0676134 0.0676049 -0.0176934 -0.0185440 -0.0100536 -0.0197310 -0.0234040 -0.0326371 -0.0235399 -0.0308092 -0.0296672 -0.0096480 -0.0273471 -0.0215375 -0.0269616 -0.0208697 -0.0201884 -0.0192381 -0.0041786 -0.0214385 -0.0323937 -0.0172614 -0.0074648 -0.0153050 -0.0195589 -0.0477936 -0.0164516 -0.0204327 -0.0245531 -0.0094098 -0.0263529 -0.0203009 -0.0361268 -0.0248062 -0.0317766 -0.0314147 -0.0432750 -0.0247692 -0.0397495 -0.0421589 -0.0439963 -0.0269601 -0.0381197 -0.0329324 -0.0404290 -0.0486278 -0.0475648 -0.0212415 -0.0357371 -0.0264695 -0.0254970 -0.0159811 -0.0257430 -0.0308817 -0.0238154 -0.0203109 -0.0254213 -0.0289783 -0.0332953 -0.0377865 -0.0304640 -0.0237976 -0.0376593 -0.0376953 0.0019213 -0.0286798 -0.0237812 -0.0582960 -0.0592661 -0.0290041 -0.0041053 -0.0269189 -0.0213059 0.0111386 0.0135176 0.0139700 0.0155028 0.0145985 0.0131021 0.0126679 0.0152449 0.0141298 0.0161633 0.0127250 0.0127443 0.0147932 0.0120450 0.0148441 0.0137571 0.0078041 0.0137377
0.0679637 0.0676311 0.0706765 0.0642395 0.0759138 0.0716320 0.0712891 0.0771496 0.0754332 0.0731859 0.0793945 0.0799755 0.0749671 0.0754506 0.0662368 0.0651502 0.0471755 0.0599462 0.0674427 0.0752613 0.0696796 0.9770287 0.0738566 0.0709413 -0.0018942 -0.0001411 0.0033341 0.0020383 -0.0074181 -0.0141984 -0.0078109 -0.0109229 -0.0080658 0.0046544 -0.0091733 -0.0014453 -0.0050788 -0.0032384 -0.0054710 -0.0001190 0.0043791 -0.0118018 -0.0149982 -0.0017399 0.0095208 -0.0034821 -0.0084766 -0.0265048 -0.0169446 -0.0147021 -0.0079000 -0.0080655 -0.0097961 -0.0071378 -0.0239176 -0.0199941 -0.0306313 -0.0133273 -0.0190892 -0.0093474 -0.0276232 -0.0295160 -0.0302324 -0.0190629 -0.0323917 -0.0209342 -0.0337549 -0.0255638 -0.0395342 -0.0084317 -0.0351407 -0.0254029 -0.0226831 -0.0035724 -0.0180388 -0.0126047 -0.0147486 -0.0178084 -0.0014300 -0.0385679 -0.0496055 -0.0333212 -0.0283645 -0.0138750 -0.0404478 -0.0233083 -0.0276589 -0.0255746 -0.0348257 -0.0490689 -0.0489618 -0.0251058 -0.0180577 -0.0322311 -0.0379192 -0.0565700 -0.0561797 -0.0573651 -0.0526486 -0.0542284 -0.0558020 -0.0536801 -0.0535441 -0.0553904 -0.0525185 -0.0545188 -0.0542789 -0.0528412 -0.0550704 -0.0523128 -0.0570919 -0.0586807 -0.0561725
0.0475498 0.0503917 0.0527883 0.0480427 0.0588923 0.0549261 0.0551763 0.0584409 0.0610452 0.0587475 0.0648349 0.0640776 0.0589916 0.0577863 0.0449984 0.0477732 0.0530830 0.0597197 0.0619916 0.0816492 0.0676134 0.0738566 0.9832754 0.0662970 -0.0111115 -0.0186687 -0.0129915 -0.0165686 -0.0191421 -0.0249426 -0.0178820 -0.0231188 -0.0208890 -0.0058520 -0.0217156 -0.0185621 -0.0186347 -0.0190772 -0.0179837 -0.0165640 -0.0008418 -0.0179991 -0.0272145 -0.0109063 -0.0065635 -0.0110097 -0.0192140 -0.0380680 -0.0242181 -0.0189588 -0.0144090 -0.0109359 -0.0257025 -0.0134607 -0.0317389 -0.0218325 -0.0363669 -0.0154253 -0.0319124 -0.0183427 -0.0380216 -0.0417617 -0.0410380 -0.0329904 -0.0383258 -0.0249524 -0.0404845 -0.0379690 -0.0466257 -0.0189983 -0.0427970 -0.0277038 -0.0300595 -0.0079631 -0.0269421 -0.0251633 -0.0222823 -0.0311009 -0.0168754 -0.0279171 -0.0427461 -0.0345471 -0.0304429 -0.0197980 -0.0352247 -0.0299185 -0.0131621 -0.0202759 -0.0251489 -0.0585828 -0.0586287 -0.0335478 -0.0106719 -0.0361390 -0.0216762 -0.0049287 -0.0034763 -0.0063344 0.0007400 -0.0040645 -0.0017344 -0.0029183 -0.0013422 -0.0023639 0.0003361 -0.0039309 -0.0041004 -0.0014737 -0.0020624 -0.0008364 -0.0037114 -0.0077471 -0.0004106
0.0518868 0.0473348 0.0512355 0.0492818 0.0562720 0.0531561 0.0491313 0.0518887 0.0563636 0.0573074 0.0596134 0.0580213 0.0546207 0.0565427 0.0440190 0.0475925 0.0623834 0.0549721 0.0615442 0.0610906 0.0676049 0.0709413 0.0662970 0.9692781 -0.0019713 -0.0012357 -0.0045485 -0.0029580 -0.0097815 -0.0157964 -0.0127603 -0.0114051 -0.0138980 0.0006769 -0.0168261 -0.0059054 -0.0068041 -0.0056522 -0.0043810 -0.0085939 0.0052568 -0.0119908 -0.0194104 -0.0051166 0.0050061 -0.0025104 -0.0059797 -0.0321487 -0.0199828 -0.0144864 -0.0086917 -0.0051642 -0.0208912 -0.0083483 -0.0156647 -0.0191656 -0.0241224 -0.0179315 -0.0253213 -0.0202226 -0.0223617 -0.0302054 -0.0302831 -0.0236795 -0.0297407 -0.0232872 -0.0314851 -0.0312745 -0.0322207 -0.0066008 -0.0269780 -0.0171781 -0.0176164 -0.0100965 -0.0188366 -0.0125868 -0.0123303 -0.0178282 -0.0187970 -0.0322307 -0.0443808 -0.0312651 -0.0203011 -0.0186059 -0.0270970 -0.0274646 -0.0166038 -0.0278269 -0.0330035 -0.0422300 -0.0431307 -0.0274003 -0.0145532 -0.0278306 -0.0274746 -0.0339204 -0.0325021 -0.0348514 -0.0296965 -0.0301593 -0.0310365 -0.0304534 -0.0291595 -0.0301342 -0.0301407 -0.0320495 -0.0302796 -0.0339986 -0.0324017 -0.0306857 -0.0323786 -0.0357912 -0.0322353
0.0708119 0.0722236 0.0705585 0.0719244 0.0724778 0.0736925 0.0734246 0.0731211 0.0730290 0.0695842 0.0667669 0.0675282 0.0694093 0.0709601 0.0710847 0.0741624 -0.0162399 0.0024749 0.0005333 -0.0092801 -0.0176934 -0.0018942 -0.0111115 -0.0019713 0.8480690 0.0757120 0.0786866 0.0882908 0.1002850 0.1114815 0.1130808 0.0930640 0.0835160 0.0576512 0.0668576 0.0825428 0.0716121 0.0709548 0.0724935 0.0781416 0.0533593 0.0564662 0.0705664 0.0560602 0.0627325 0.0684777 0.0563097 0.0582608 -0.0021746 0.0418724 0.0280157 0.0182161 0.0302526 0.0388058 0.0372287 0.0237769 0.0232311 0.0246844 0.0636631 0.0357727 0.0627116 0.0537775 0.0538452 0.0569009 0.0470311 0.0554710 0.0404579 0.0596931 0.0467327 0.0666172 0.0420101 0.0160453 0.0162764 0.0389413 0.0382936 0.0412636 0.0252479 0.0096025 0.0221830 -0.0387359 -0.0523264 0.0328660 0.0335694 0.0417132 -0.0070053 0.0197125 -0.1115720 0.0260819 -0.0105586 0.0120928 0.0110666 0.0378205 -0.0655720 0.0255023 -0.0837823 -0.2619274 -0.2676833 -0.2626613 -0.2626112 -0.2614412 -0.2611254 -0.2604711 -0.2654551 -0.2651106 -0.2700535 -0.2687576 -0.2686795 -0.2713340 -0.2714739 -0.2719229 -0.2684068 -0.2719514 -0.2703784
0.0658687 0.0672555 0.0662403 0.0649762 0.0646470 0.0678462 0.0679727 0.0686207 0.0639515 0.0630236 0.0599981 0.0599674 0.0632026 0.0585309 0.0676955 0.0716188 -0.0194250 -0.0080018 -0.0032299 -0.0147621 -0.0185440 -0.0001411 -0.0186687 -0.0012357 0.0757120 0.8552741 0.1085414 0.0659697 0.0811117 0.0747739 0.0846033 0.0760546 0.0845363 0.0574058 0.0642279 0.0831967 0.0689047 0.0704210 0.0733820 0.0778079 0.0522930 0.0601489 0.0669699 0.0518389 0.0557158 0.0696253 0.0585086 0.0596906 0.0028684 0.0503778 0.0335718 0.0175432 0.0417131 0.0449434 0.0509000 0.0188520 0.0258128 0.0290969 0.0664824 0.0394682 0.0763854 0.0628678 0.0622982 0.0564779 0.0488564 0.0538585 0.0377969 0.0600175 0.0423339 0.0654401 0.0404482 0.0168348 0.0238821 0.0431251 0.0451850 0.0355915 0.0291902 0.0077220 0.0293999 -0.0326722 -0.0445170 0.0399587 0.0306199 0.0445726 0.0026017 0.0297598 -0.1174739 0.0270848 -0.0101885 0.0158123 0.0164751 0.0413060 -0.0589453 0.0242314 -0.0762335 -0.2544512 -0.2614906 -0.2586839 -0.2552467 -0.2569339 -0.2547792 -0.2585610 -0.2599123 -0.2599297 -0.2642283 -0.2629536 -0.2639157 -0.2639650 -0.2628531 -0.2674664 -0.2643613 -0.2643865 -0.2649610
0.0703479 0.0735691 0.0748647 0.0725275 0.0737226 0.0739524 0.0750931 0.0740222 0.0724687 0.0692732 0.0681170 0.0699998 0.0740100 0.0684198 0.0758319 0.0769180 -0.0165437 -0.0003213 0.0037162 -0.0096347 -0.0100536 0.0033341 -0.0129915 -0.0045485 0.0786866 0.1085414 0.8513012 0.0719768 0.0768299 0.0832075 0.0825918 0.0810994 0.0802182 0.0573599 0.0645621 0.0772911 0.0732755 0.0687298 0.0731517 0.0772058 0.0543782 0.0590264 0.0691289 0.0567782 0.0586711 0.0662125 0.0597565 0.0585091 -0.0012987 0.0462706 0.0262643 0.0203695 0.0344234 0.0369974 0.0422987 0.0166205 0.0224606 0.0307899 0.0635204 0.0434338 0.0699757 0.0594847 0.0587393 0.0612022 0.0521942 0.0497081 0.0393818 0.0584865 0.0423844 0.0680000 0.0460894 0.0159202 0.0151199 0.0419500 0.0438726 0.0393315 0.0247913 0.0060338 0.0269259 -0.0453201 -0.0509827 0.0381420 0.0309668 0.0392216 0.0025744 0.0237787 -0.1107772 0.0228763 -0.0111075 0.0099297 0.0096146 0.0372589 -0.0603223 0.0279100 -0.0766117 -0.2609457 -0.2667063 -0.2630124 -0.2594077 -0.2617202 -0.2587759 -0.2615159 -0.2625673 -0.2645342 -0.2674221 -0.2666962 -0.2689042 -0.2684584 -0.2687043 -0.2701381 -0.2675136 -0.2698721 -0.2685822
0.0556260 0.0586317 0.0621231 0.0614651 0.0584575 0.0594543 0.0619874 0.0604502 0.0607079 0.0595692 0.0578796 0.0580640 0.0592358 0.0593661 0.0620882 0.0621851 -0.0129414 -0.0042401 -0.0048212 -0.0138738 -0.0197310 0.0020383 -0.0165686 -0.0029580 0.0882908 0.0659697 0.0719768 0.8605303 0.1008434 0.0845494 0.0840558 0.0925483 0.0667870 0.0526146 0.0571056 0.0744269 0.0689541 0.0651797 0.0672490 0.0606294 0.0563016 0.0571299 0.0664445 0.0506838 0.0529611 0.0686864 0.0649686 0.0593396 -0.0033406 0.0398737 0.0341533 0.0191608 0.0375125 0.0446112 0.0406122 0.0134588 0.0247395 0.0236905 0.0615279 0.0315013 0.0649657 0.0574160 0.0579977 0.0535063 0.0448531 0.0484176 0.0312259 0.0597583 0.0422961 0.0635400 0.0364822 0.0191241 0.0263304 0.0338449 0.0372578 0.0339525 0.0227976 0.0051826 0.0202336 -0.0372411 -0.0438045 0.0327129 0.0295703 0.0366369 -0.0024895 0.0214961 -0.1028569 0.0228864 -0.0173226 0.0118783 0.0120417 0.0290553 -0.0636038 0.0219012 -0.0746070 -0.2386693 -0.2438862 -0.2425627 -0.2376042 -0.2373340 -0.2364875 -0.2389948 -0.2416345 -0.2436611 -0.2485153 -0.2448742 -0.2461552 -0.2472265 -0.2453864 -0.2488761 -0.2455979 -0.2485461 -0.2485810
0.0591619 0.0621130 0.0608394 0.0615897 0.0595837 0.0623287 0.0620668 0.0610558 0.0605586 0.0584558 0.0581483 0.0576441 0.0604220 0.0603593 0.0638947 0.0660528 -0.0220841 -0.0018680 -0.0062616 -0.0172594 -0.0234040 -0.0074181 -0.0191421 -0.0097815 0.1002850 0.0811117 0.0768299 0.1008434 0.8558264 0.0951343 0.0911388 0.1013791 0.0737174 0.0556139 0.0606173 0.0752926 0.0668885 0.0702067 0.0724307 0.0690344 0.0533310 0.0502332 0.0667370 0.0526590 0.0529318 0.0641901 0.0547078 0.0601052 0.0103631 0.0427105 0.0334700 0.0101821 0.0389481 0.0441567 0.0434005 0.0185376 0.0247128 0.0312672 0.0646017 0.0355632 0.0726197 0.0624052 0.0621248 0.0597412 0.0478434 0.0544383 0.0393665 0.0593401 0.0428919 0.0657741 0.0411054 0.0198791 0.0209377 0.0407032 0.0406521 0.0354698 0.0256080 0.0074369 0.0276707 -0.0344391 -0.0421387 0.0384648 0.0278972 0.0411724 -0.0015475 0.0186941 -0.1087968 0.0207160 -0.0105248 0.0179262 0.0186049 0.0347784 -0.0628768 0.0240290 -0.0752299 -0.2464207 -0.2539124 -0.2506318 -0.2487151 -0.2487992 -0.2472645 -0.2493868 -0.2529013 -0.2529698 -0.2561395 -0.2569066 -0.2555369 -0.2573319 -0.2570401 -0.2585170 -0.2570784 -0.2579152 -0.2580623
0.0564878 0.0594318 0.0604125 0.0588313 0.0569956 0.0604970 0.0622700 0.0584802 0.0585176 0.0545020 0.0524180 0.0525012 0.0564260 0.0536922 0.0616904 0.0626482 -0.0242896 -0.0113315 -0.0131760 -0.0237383 -0.0326371 -0.0141984 -0.0249426 -0.0157964 0.1114815 0.0747739 0.0832075 0.0845494 0.0951343 0.8558558 0.1135064 0.0925610 0.0754563 0.0582430 0.0676638 0.0798940 0.0743343 0.0814031 0.0726579 0.0774553 0.0524597 0.0601185 0.0774346 0.0573208 0.0613117 0.0685313 0.0617682 0.0741333 0.0045153 0.0442352 0.0304532 0.0203383 0.0398678 0.0422671 0.0534265 0.0206273 0.0246879 0.0301012 0.0671963 0.0370355 0.0774641 0.0683889 0.0694847 0.0652791 0.0513474 0.0581418 0.0447109 0.0746170 0.0539619 0.0738086 0.0484307 0.0194205 0.0266668 0.0382779 0.0392435 0.0488666 0.0253031 0.0121043 0.0285573 -0.0360652 -0.0418565 0.0448326 0.0363628 0.0430100 0.0038619 0.0293561 -0.1137401 0.0289665 -0.0101237 0.0228434 0.0230116 0.0407301 -0.0620434 0.0294545 -0.0785594 -0.2582165 -0.2661475 -0.2614982 -0.2600989 -0.2600161 -0.2580483 -0.2596965 -0.2627394 -0.2629287 -0.2677909 -0.2668801 -0.2671180 -0.2668683 -0.2690036 -0.2684887 -0.2680135 -0.2692967 -0.2690930
0.0674601 0.0696105 0.0717164 0.0683448 0.0697909 0.0667711 0.0702849 0.0692254 0.0669706 0.0640203 0.0633751 0.0630815 0.0661446 0.0627150 0.0720360 0.0734004 -0.0256787 -0.0082860 -0.0087756 -0.0232818 -0.0235399 -0.0078109 -0.0178820 -0.0127603 0.1130808 0.0846033 0.0825918 0.0840558 0.0911388 0.1135064 0.8538135 0.0941839 0.0860666 0.0624603 0.0705895 0.0889854 0.0799635 0.0829489 0.0827303 0.0835017 0.0609498 0.0624235 0.0800650 0.0598361 0.0643569 0.0795124 0.0638691 0.0735373 -0.0033822 0.0543974 0.0353691 0.0277182 0.0439587 0.0454256 0.0546868 0.0249432 0.0237275 0.0298677 0.0798238 0.0401680 0.0755275 0.0663181 0.0665372 0.0599057 0.0550176 0.0593138 0.0465615 0.0741012 0.0522559 0.0806409 0.0476406 0.0171847 0.0250497 0.0467546 0.0477885 0.0423559 0.0287147 0.0098203 0.0288473 -0.0382092 -0.0494304 0.0419932 0.0358432 0.0474132 -0.0010114 0.0274003 -0.1174906 0.0307195 -0.0098746 0.0231342 0.0233853 0.0435471 -0.0706072 0.0390940 -0.0857663 -0.2779105 -0.2844810 -0.2786289 -0.2784681 -0.2780149 -0.2757144 -0.2789198 -0.2810738 -0.2828299 -0.2857517 -0.2855671 -0.2853444 -0.2858123 -0.2868709 -0.2866988 -0.2871411 -0.2871117 -0.2863078
0.0558242 0.0605379 0.0584049 0.0586004 0.0571972 0.0567294 0.0602042 0.0589933 0.0591967 0.0554825 0.0518134 0.0538917 0.0571343 0.0550500 0.0591530 0.0649866 -0.0287031 -0.0110319 -0.0129038 -0.0229458 -0.0308092 -0.0109229 -0.0231188 -0.0114051 0.0930640 0.0760546 0.0810994 0.0925483 0.1013791 0.0925610 0.0941839 0.8536161 0.0800688 0.0554119 0.0594637 0.0816089 0.0710959 0.0696889 0.0743578 0.0684376 0.0497353 0.0565849 0.0679335 0.0522823 0.0547451 0.0684925 0.0594843 0.0621973 0.0000195 0.0467891 0.0291105 0.0226711 0.0341592 0.0461863 0.0481941 0.0236428 0.0250642 0.0324699 0.0626160 0.0412473 0.0710947 0.0675139 0.0677768 0.0560569 0.0479203 0.0528281 0.0462271 0.0625057 0.0479972 0.0689844 0.0514249 0.0207952 0.0242135 0.0356744 0.0381945 0.0441193 0.0290609 0.0103932 0.0240900 -0.0324536 -0.0410351 0.0392321 0.0293886 0.0404010 0.0024390 0.0241995 -0.1051136 0.0223447 -0.0063422 0.0111895 0.0121003 0.0357176 -0.0570762 0.0359506 -0.0737217 -0.2487590 -0.2540601 -0.2496826 -0.2487512 -0.2475296 -0.2472164 -0.2490557 -0.2517170 -0.2523301 -0.2554792 -0.2551812 -0.2568656 -0.2575059 -0.2582202 -0.2587416 -0.2575742 -0.2581708 -0.2570150
0.0679565 0.0676149 0.0699657 0.0691259 0.0677191 0.0706787 0.0717888 0.0715993 0.0686095 0.0671118 0.0631353 0.0647850 0.0692088 0.0634336 0.0718884 0.0782463 -0.0266392 -0.0069942 -0.0095946 -0.0192940 -0.0296672 -0.0080658 -0.0208890 -0.0138980 0.0835160 0.0845363 0.0802182 0.0667870 0.0737174 0.0754563 0.0860666 0.0800688 0.8530276 0.0629343 0.0777385 0.0964114 0.0775023 0.0875097 0.0910277 0.0897686 0.0593182 0.0683601 0.0819063 0.0630069 0.0659173 0.0707333 0.0621283 0.0772484 0.0042067 0.0609150 0.0388463 0.0216203 0.0451946 0.0471704 0.0530650 0.0256902 0.0295153 0.0333223 0.0802634 0.0417920 0.0793060 0.0710265 0.0700016 0.0672621 0.0591909 0.0631896 0.0512831 0.0758720 0.0529703 0.0753552 0.0504787 0.0227704 0.0234215 0.0518935 0.0486033 0.0444037 0.0338256 0.0138128 0.0308869 -0.0352665 -0.0442103 0.0433053 0.0361367 0.0471769 0.0040165 0.0354704 -0.1213700 0.0358249 -0.0054250 0.0218554 0.0218637 0.0440025 -0.0683859 0.0279113 -0.0739967 -0.2818939 -0.2847005 -0.2831055 -0.2821534 -0.2812715 -0.2792193 -0.2810627 -0.2850291 -0.2855281 -0.2904804 -0.2889582 -0.2898601 -0.2898738 -0.2908848 -0.2913758 -0.2888170 -0.2894109 -0.2905742
0.0545228 0.0564528 0.0567733 0.0553410 0.0558822 0.0556073 0.0578490 0.0573504 0.0559560 0.0540386 0.0526607 0.0537922 0.0553832 0.0541026 0.0568287 0.0570805 -0.0082937 0.0035397 0.0024686 -0.0045177 -0.0096480 0.0046544 -0.0058520 0.0006769 0.0576512 0.0574058 0.0573599 0.0526146 0.0556139 0.0582430 0.0624603 0.0554119 0.0629343 0.9238037 0.0514945 0.0619766 0.0553740 0.0557273 0.0585430 0.0577124 0.0441470 0.0461520 0.0548443 0.0432128 0.0467344 0.0524979 0.0466871 0.0516449 0.0043155 0.0397044 0.0287548 0.0162879 0.0319843 0.0326946 0.0375272 0.0174969 0.0206398 0.0233809 0.0533399 0.0315195 0.0559113 0.0497155 0.0495677 0.0450196 0.0398435 0.0435374 0.0338671 0.0524165 0.0359029 0.0521699 0.0353542 0.0159077 0.0186698 0.0357611 0.0352434 0.0316504 0.0242381 0.0104112 0.0243515 -0.0270129 -0.0318032 0.0301949 0.0261103 0.0343709 0.0033506 0.0218383 -0.0809510 0.0232490 -0.0048778 0.0181937 0.0178526 0.0317289 -0.0443238 0.0230210 -0.0555401 -0.1944386 -0.1985107 -0.1959830 -0.1949214 -0.1944762 -0.1923252 -0.1944690 -0.1967016 -0.1979241 -0.2014518 -0.2001629 -0.2015883 -0.2011592 -0.2022028 -0.2030206 -0.2016992 -0.2031743 -0.2021328
