0.8778705 0.1782080 0.1445976 0.1654232 0.1497915 0.1437212 0.1478335 0.1533630 0.1473670 0.1441016 0.1453741 0.1525798 0.1425821 0.1412096 0.1347806 0.1369582 0.0306789 0.0530377 0.0549969 0.0504945 0.0458014 0.0702564 0.0487056 0.0532912 0.0687371 0.0641495 0.0682506 0.0525725 0.0566674 0.0537941 0.0655250 0.0504313 0.0672637 0.0565364 0.0527417 0.0693063 0.0610194 0.0605401 0.0688552 0.0633826 0.0522426 0.0442719 0.0496460 0.0491204 0.0642079 0.0580608 0.0481921 0.0361026 -0.0136230 0.0361052 0.0189241 0.0069553 0.0166824 0.0305214 0.0194064 0.0086321 -0.0024697 0.0072148 0.0378170 0.0199571 0.0376628 0.0203059 0.0188262 0.0396358 0.0174019 0.0356994 0.0080986 0.0371636 0.0044196 0.0517390 0.0113898 -0.0093067 -0.0020864 0.0337176 0.0175598 0.0185672 0.0113994 -0.0103855 0.0115005 -0.0712443 -0.0816256 -0.0006430 0.0050955 0.0174714 -0.0325447 -0.0077134 -0.1229173 -0.0001537 -0.0357858 -0.0162789 -0.0165815 0.0130309 -0.0679462 -0.0028875 -0.1036811 -0.2738695 -0.2769127 -0.2759368 -0.2737672 -0.2734086 -0.2726741 -0.2731372 -0.2741898 -0.2756025 -0.2773252 -0.2795435 -0.2783846 -0.2783162 -0.2792864 -0.2797056 -0.2784798 -0.2821015 -0.2780640
0.1782080 0.8849310 0.1474356 0.1749838 0.1516132 0.1503044 0.1528550 0.1554612 0.1500055 0.1480722 0.1512239 0.1543770 0.1511037 0.1462342 0.1377237 0.1418191 0.0275791 0.0568298 0.0597463 0.0534175 0.0423504 0.0691195 0.0511760 0.0483523 0.0705645 0.0659071 0.0718650 0.0561220 0.0601135 0.0573110 0.0680498 0.0559186 0.0670314 0.0583328 0.0533063 0.0713889 0.0619901 0.0643143 0.0723446 0.0671800 0.0560261 0.0464702 0.0506760 0.0533602 0.0655286 0.0608794 0.0458199 0.0326731 -0.0147124 0.0406845 0.0190219 0.0069693 0.0172758 0.0302049 0.0204656 0.0085380 -0.0044449 0.0091485 0.0400110 0.0222025 0.0376096 0.0239562 0.0228213 0.0398672 0.0207992 0.0373622 0.0119817 0.0343730 0.0043092 0.0533730 0.0122875 -0.0090719 -0.0016490 0.0334192 0.0185520 0.0245210 0.0097200 -0.0125724 0.0140031 -0.0751876 -0.0830013 -0.0001617 0.0051634 0.0160267 -0.0361229 -0.0059601 -0.1253767 0.0027235 -0.0376963 -0.0215292 -0.0229658 0.0143124 -0.0706100 0.0009635 -0.1050486 -0.2822363 -0.2862063 -0.2838825 -0.2817857 -0.2823299 -0.2823890 -0.2813965 -0.2857266 -0.2850035 -0.2867052 -0.2863865 -0.2889004 -0.2867332 -0.2880027 -0.2874406 -0.2876087 -0.2912095 -0.2872510
0.1445976 0.1474356 0.8803750 0.1441310 0.1895176 0.1829194 0.2009331 0.1907897 0.1539926 0.1527845 0.1541162 0.1570483 0.1532390 0.1503516 0.1425195 0.1445992 0.0352701 0.0556857 0.0645844 0.0517753 0.0473242 0.0723336 0.0537550 0.0523051 0.0688365 0.0648291 0.0730528 0.0595585 0.0587813 0.0582328 0.0701358 0.0537271 0.0692500 0.0586141 0.0554067 0.0747046 0.0659211 0.0611148 0.0714013 0.0692723 0.0602147 0.0495315 0.0487640 0.0505957 0.0687413 0.0650596 0.0483954 0.0317113 -0.0186961 0.0347779 0.0217250 0.0057913 0.0174601 0.0304973 0.0195130 0.0080625 -0.0020602 0.0067322 0.0352914 0.0203031 0.0371001 0.0203791 0.0203183 0.0340154 0.0146763 0.0305685 0.0077698 0.0328234 0.0021646 0.0496380 0.0101986 -0.0087124 -0.0029137 0.0347837 0.0202056 0.0206566 0.0088976 -0.0149298 0.0126684 -0.0789893 -0.0903380 -0.0003628 0.0066148 0.0153788 -0.0374093 -0.0063176 -0.1246783 -0.0065569 -0.0405050 -0.0232083 -0.0240704 0.0113849 -0.0730968 -0.0027940 -0.1099837 -0.2847950 -0.2888878 -0.2876053 -0.2834381 -0.2834303 -0.2829321 -0.2845360 -0.2852631 -0.2876863 -0.2892431 -0.2899623 -0.2908702 -0.2896924 -0.2900364 -0.2909233 -0.2900986 -0.2940093 -0.2912771
0.1654232 0.1749838 0.1441310 0.8858799 0.1447498 0.1442626 0.1442854 0.1504864 0.1456505 0.1400600 0.1457875 0.1468236 0.1400854 0.1410197 0.1334545 0.1365574 0.0304531 0.0530978 0.0573817 0.0484667 0.0405137 0.0664086 0.0492223 0.0507056 0.0699740 0.0633902 0.0704964 0.0584578 0.0592373 0.0562438 0.0665053 0.0534018 0.0684043 0.0572732 0.0544898 0.0688813 0.0621314 0.0646774 0.0699738 0.0662495 0.0552548 0.0473689 0.0549638 0.0533937 0.0673698 0.0603273 0.0467090 0.0360249 -0.0127398 0.0389571 0.0233796 0.0060034 0.0180108 0.0308048 0.0235801 0.0087836 -0.0007911 0.0108418 0.0393946 0.0237799 0.0361010 0.0217444 0.0218368 0.0407582 0.0221453 0.0338143 0.0085742 0.0383164 0.0050455 0.0541409 0.0125127 -0.0057515 -0.0021097 0.0344168 0.0208166 0.0208472 0.0106305 -0.0094010 0.0135468 -0.0725249 -0.0814127 0.0010542 0.0099894 0.0192078 -0.0340130 -0.0070192 -0.1241158 0.0009772 -0.0367378 -0.0159087 -0.0157534 0.0164693 -0.0692933 -0.0002381 -0.1018817 -0.2767752 -0.2796594 -0.2771311 -0.2748781 -0.2765466 -0.2748255 -0.2757286 -0.2778294 -0.2785865 -0.2814563 -0.2810695 -0.2818234 -0.2814420 -0.2812482 -0.2812186 -0.2803169 -0.2851933 -0.2798008
0.1497915 0.1516132 0.1895176 0.1447498 0.8930508 0.1977405 0.2030708 0.2006144 0.1566522 0.1546136 0.1570937 0.1610954 0.1552141 0.1531671 0.1423618 0.1477679 0.0345559 0.0626871 0.0652997 0.0592203 0.0517485 0.0782319 0.0601229 0.0577243 0.0703051 0.0628484 0.0714525 0.0552100 0.0569858 0.0542672 0.0677681 0.0514833 0.0668868 0.0579142 0.0499699 0.0718561 0.0609914 0.0615097 0.0724343 0.0650357 0.0610385 0.0467042 0.0467900 0.0514647 0.0679239 0.0598463 0.0477764 0.0273904 -0.0163470 0.0358494 0.0179623 0.0079545 0.0138747 0.0299562 0.0165102 0.0061083 -0.0056645 0.0057301 0.0332184 0.0136767 0.0340332 0.0201658 0.0167003 0.0347818 0.0177091 0.0328029 0.0054890 0.0282726 0.0000328 0.0533266 0.0070866 -0.0134222 -0.0066492 0.0336155 0.0184168 0.0199783 0.0064429 -0.0165647 0.0109293 -0.0800192 -0.0923989 -0.0036496 0.0019463 0.0127599 -0.0375650 -0.0080558 -0.1250090 -0.0061668 -0.0399226 -0.0220358 -0.0225147 0.0116656 -0.0723228 -0.0083746 -0.1066603 -0.2832466 -0.2853672 -0.2835482 -0.2802770 -0.2812354 -0.2803454 -0.2814827 -0.2820764 -0.2826641 -0.2851876 -0.2876775 -0.2875246 -0.2867829 -0.2877463 -0.2870136 -0.2866019 -0.2916311 -0.2863619
0.1437212 0.1503044 0.1829194 0.1442626 0.1977405 0.8881385 0.1956767 0.1937929 0.1541120 0.1525469 0.1546442 0.1603542 0.1515999 0.1506386 0.1414970 0.1465455 0.0354619 0.0569458 0.0635350 0.0541608 0.0477692 0.0720505 0.0553686 0.0536554 0.0726705 0.0670303 0.0728820 0.0578204 0.0610998 0.0591487 0.0657853 0.0535098 0.0702485 0.0571585 0.0501466 0.0704425 0.0588606 0.0575287 0.0662949 0.0657723 0.0601781 0.0482594 0.0501562 0.0500187 0.0677814 0.0616280 0.0491195 0.0257257 -0.0178975 0.0326006 0.0150040 0.0091913 0.0135265 0.0314060 0.0164109 0.0083066 -0.0080293 0.0055741 0.0337764 0.0172473 0.0373347 0.0209537 0.0200523 0.0358671 0.0158988 0.0342607 0.0059226 0.0267590 0.0038837 0.0531611 0.0063031 -0.0110537 -0.0057270 0.0327648 0.0178633 0.0208931 0.0096816 -0.0191697 0.0124571 -0.0784236 -0.0915973 -0.0002150 0.0059169 0.0158631 -0.0387062 -0.0037472 -0.1238343 -0.0068264 -0.0399498 -0.0334890 -0.0349972 0.0102685 -0.0699564 -0.0078305 -0.1059405 -0.2821049 -0.2839856 -0.2841339 -0.2803723 -0.2805972 -0.2797928 -0.2812522 -0.2831380 -0.2821299 -0.2868766 -0.2860754 -0.2865354 -0.2873961 -0.2879582 -0.2860177 -0.2852541 -0.2889537 -0.2876787
0.1478335 0.1528550 0.2009331 0.1442854 0.2030708 0.1956767 0.8867264 0.2075698 0.1568605 0.1559070 0.1582687 0.1633046 0.1546174 0.1564027 0.1417523 0.1491259 0.0315350 0.0583480 0.0655883 0.0582676 0.0482288 0.0734490 0.0562961 0.0505091 0.0712241 0.0661476 0.0728741 0.0587381 0.0594465 0.0594885 0.0682559 0.0543362 0.0710180 0.0600590 0.0549453 0.0737448 0.0607455 0.0631631 0.0727941 0.0716507 0.0603045 0.0462213 0.0504383 0.0521401 0.0674076 0.0602884 0.0482271 0.0304488 -0.0160654 0.0360495 0.0194586 0.0061480 0.0155856 0.0311762 0.0159302 0.0084931 -0.0029429 0.0054894 0.0337970 0.0128830 0.0339010 0.0211880 0.0188379 0.0388169 0.0207652 0.0362566 0.0097327 0.0323703 0.0026059 0.0556903 0.0085268 -0.0116889 -0.0052312 0.0347614 0.0200347 0.0214021 0.0082743 -0.0142041 0.0119156 -0.0795029 -0.0913922 -0.0020918 0.0065040 0.0133331 -0.0375286 -0.0059647 -0.1301590 -0.0064120 -0.0399818 -0.0191372 -0.0202936 0.0110503 -0.0748653 -0.0078173 -0.1111827 -0.2911673 -0.2951824 -0.2928627 -0.2911649 -0.2910496 -0.2886462 -0.2919815 -0.2931688 -0.2928824 -0.2961296 -0.2961033 -0.2981889 -0.2955543 -0.2976660 -0.2966671 -0.2971675 -0.2973492 -0.2965712
0.1533630 0.1554612 0.1907897 0.1504864 0.2006144 0.1937929 0.2075698 0.8954386 0.1616448 0.1568465 0.1614801 0.1684100 0.1568058 0.1583940 0.1467834 0.1496331 0.0357008 0.0593714 0.0704008 0.0600135 0.0519774 0.0795239 0.0597767 0.0534586 0.0708609 0.0667353 0.0716906 0.0570225 0.0583287 0.0555182 0.0670981 0.0531550 0.0707418 0.0594463 0.0525413 0.0733112 0.0618338 0.0626857 0.0720508 0.0684655 0.0610632 0.0458240 0.0501437 0.0529422 0.0661701 0.0623697 0.0466885 0.0299503 -0.0172433 0.0359382 0.0160735 0.0099857 0.0140181 0.0316105 0.0182903 0.0069949 -0.0051719 0.0024082 0.0305582 0.0161777 0.0346179 0.0181375 0.0165298 0.0345072 0.0169291 0.0343400 0.0058169 0.0305993 0.0025533 0.0526624 0.0078735 -0.0111138 -0.0058338 0.0363784 0.0179204 0.0209234 0.0084738 -0.0163583 0.0117705 -0.0801374 -0.0924142 -0.0043539 0.0054405 0.0143675 -0.0358623 -0.0076190 -0.1278563 -0.0030177 -0.0410230 -0.0217373 -0.0228974 0.0115743 -0.0732549 -0.0055950 -0.1077303 -0.2892332 -0.2921310 -0.2901727 -0.2872081 -0.2884372 -0.2873983 -0.2887258 -0.2905814 -0.2912185 -0.2930623 -0.2944655 -0.2937312 -0.2942186 -0.2943339 -0.2944551 -0.2932631 -0.2973821 -0.2938119
0.1473670 0.1500055 0.1539926 0.1456505 0.1566522 0.1541120 0.1568605 0.1616448 0.8957924 0.1884012 0.1976245 0.1947109 0.1913641 0.1857960 0.1491269 0.1542825 0.0362364 0.0613430 0.0666152 0.0626127 0.0507521 0.0760359 0.0615007 0.0569201 0.0717464 0.0629734 0.0711558 0.0588708 0.0590750 0.0568687 0.0658599 0.0553422 0.0681466 0.0576301 0.0502517 0.0707594 0.0603257 0.0601707 0.0677571 0.0656279 0.0595630 0.0423143 0.0463202 0.0557324 0.0699397 0.0618224 0.0513161 0.0280586 -0.0183012 0.0339392 0.0195334 0.0029695 0.0114597 0.0310817 0.0217738 0.0074990 -0.0070242 0.0083071 0.0320621 0.0178110 0.0338375 0.0199523 0.0198005 0.0328861 0.0143483 0.0352677 0.0067665 0.0293148 0.0013058 0.0537372 0.0080568 -0.0102691 -0.0009190 0.0318967 0.0163459 0.0191365 0.0037942 -0.0168338 0.0120101 -0.0794659 -0.0873811 -0.0009727 -0.0008555 0.0167434 -0.0407815 -0.0094224 -0.1211166 -0.0031047 -0.0416803 -0.0364998 -0.0363780 0.0114655 -0.0733076 -0.0056448 -0.1089599 -0.2851189 -0.2873215 -0.2847279 -0.2824342 -0.2825959 -0.2827377 -0.2839417 -0.2853577 -0.2861314 -0.2874891 -0.2892755 -0.2877750 -0.2887388 -0.2893703 -0.2879513 -0.2894152 -0.2941441 -0.2881818
0.1441016 0.1480722 0.1527845 0.1400600 0.1546136 0.1525469 0.1559070 0.1568465 0.1884012 0.8909449 0.1858667 0.1915965 0.1996976 0.1846439 0.1417795 0.1489395 0.0340792 0.0601641 0.0631703 0.0625526 0.0509929 0.0747203 0.0596271 0.0584085 0.0677443 0.0615776 0.0674150 0.0568855 0.0562936 0.0521665 0.0623497 0.0504917 0.0664583 0.0559453 0.0503379 0.0699842 0.0557308 0.0572269 0.0687487 0.0655351 0.0550611 0.0422491 0.0461451 0.0542937 0.0662090 0.0571812 0.0460517 0.0286584 -0.0197217 0.0341828 0.0175275 0.0075094 0.0129197 0.0318082 0.0150036 0.0076381 -0.0069940 0.0045307 0.0303321 0.0158758 0.0317683 0.0169820 0.0145423 0.0307394 0.0159524 0.0323888 0.0042911 0.0292337 -0.0010215 0.0480872 0.0047742 -0.0115537 -0.0032278 0.0297932 0.0142769 0.0179959 0.0039867 -0.0163727 0.0110266 -0.0769074 -0.0897485 -0.0037574 0.0014844 0.0147541 -0.0415398 -0.0079388 -0.1212097 -0.0075098 -0.0412455 -0.0296227 -0.0289542 0.0097974 -0.0711099 -0.0088614 -0.1043352 -0.2779093 -0.2794147 -0.2796829 -0.2746992 -0.2749903 -0.2740756 -0.2770504 -0.2766846 -0.2783304 -0.2799888 -0.2818069 -0.2815465 -0.2801748 -0.2815082 -0.2813505 -0.2808196 -0.2844350 -0.2814547
0.1453741 0.1512239 0.1541162 0.1457875 0.1570937 0.1546442 0.1582687 0.1614801 0.1976245 0.1858667 0.9150818 0.2036298 0.1909808 0.1875807 0.1488696 0.1506924 0.0405016 0.0666845 0.0746697 0.0672239 0.0582409 0.0823123 0.0663199 0.0614008 0.0641444 0.0578407 0.0653892 0.0539783 0.0550474 0.0491658 0.0609639 0.0452071 0.0621702 0.0548541 0.0469907 0.0668531 0.0569472 0.0564007 0.0660720 0.0608886 0.0555234 0.0403452 0.0446439 0.0519243 0.0660592 0.0566616 0.0434877 0.0249261 -0.0181217 0.0311307 0.0187142 0.0023447 0.0114431 0.0260001 0.0148722 0.0057731 -0.0096679 0.0054028 0.0288279 0.0162464 0.0252232 0.0099636 0.0090280 0.0308520 0.0116931 0.0297139 0.0022353 0.0260329 -0.0047155 0.0447360 0.0016533 -0.0162248 -0.0054422 0.0298059 0.0149536 0.0148171 0.0018599 -0.0154002 0.0062819 -0.0781618 -0.0897220 -0.0088146 0.0009022 0.0106305 -0.0438599 -0.0143719 -0.1192521 -0.0069841 -0.0443288 -0.0250724 -0.0247448 0.0109104 -0.0726147 -0.0077870 -0.1059863 -0.2713658 -0.2747242 -0.2733344 -0.2690178 -0.2705646 -0.2703339 -0.2712161 -0.2724034 -0.2725648 -0.2727664 -0.2759570 -0.2759561 -0.2756068 -0.2772501 -0.2753996 -0.2779340 -0.2817190 -0.2757999
0.1525798 0.1543770 0.1570483 0.1468236 0.1610954 0.1603542 0.1633046 0.1684100 0.1947109 0.1915965 0.2036298 0.9086354 0.1960962 0.1911420 0.1462417 0.1562309 0.0377292 0.0659434 0.0709729 0.0655657 0.0539945 0.0820268 0.0652177 0.0593592 0.0654832 0.0582733 0.0678493 0.0550121 0.0551461 0.0498379 0.0612252 0.0484007 0.0640126 0.0558383 0.0517492 0.0708640 0.0586170 0.0561115 0.0673932 0.0622998 0.0580880 0.0409163 0.0475294 0.0517513 0.0684476 0.0563662 0.0472939 0.0244939 -0.0217641 0.0307121 0.0168329 0.0038607 0.0132796 0.0306149 0.0152191 0.0039808 -0.0085175 0.0088048 0.0286189 0.0135343 0.0266414 0.0122882 0.0114334 0.0296560 0.0134138 0.0297301 0.0041907 0.0260117 -0.0032015 0.0496168 0.0054746 -0.0156618 -0.0051901 0.0277246 0.0121282 0.0176718 0.0026456 -0.0198285 0.0097208 -0.0778413 -0.0904887 -0.0074735 -0.0001250 0.0095729 -0.0461169 -0.0120972 -0.1192083 -0.0088261 -0.0438462 -0.0300226 -0.0305030 0.0064887 -0.0702287 -0.0122383 -0.1084075 -0.2793162 -0.2806628 -0.2793135 -0.2764180 -0.2773725 -0.2772694 -0.2780977 -0.2779191 -0.2809848 -0.2797392 -0.2818829 -0.2823234 -0.2822450 -0.2821598 -0.2815757 -0.2831402 -0.2866910 -0.2830385
0.1425821 0.1511037 0.1532390 0.1400854 0.1552141 0.1515999 0.1546174 0.1568058 0.1913641 0.1996976 0.1909808 0.1960962 0.8971538 0.1922662 0.1453013 0.1498406 0.0321168 0.0608702 0.0655794 0.0594859 0.0500118 0.0760252 0.0597304 0.0554337 0.0679414 0.0620677 0.0724986 0.0570249 0.0587706 0.0545059 0.0647984 0.0529125 0.0686226 0.0571424 0.0485769 0.0707070 0.0612272 0.0612272 0.0708627 0.0641514 0.0569903 0.0431930 0.0484363 0.0567423 0.0672188 0.0603684 0.0508309 0.0255878 -0.0190448 0.0349711 0.0149922 0.0091299 0.0161681 0.0276343 0.0191744 0.0061408 -0.0072685 0.0075779 0.0345654 0.0165013 0.0357907 0.0184031 0.0177298 0.0306361 0.0180286 0.0340088 0.0043382 0.0276836 -0.0004021 0.0507217 0.0065147 -0.0102277 -0.0058260 0.0327233 0.0161895 0.0208967 0.0057295 -0.0154306 0.0118431 -0.0806142 -0.0900566 -0.0042425 -0.0000526 0.0159266 -0.0422711 -0.0099328 -0.1233169 -0.0065275 -0.0423655 -0.0332535 -0.0331980 0.0098252 -0.0745599 -0.0064132 -0.1090455 -0.2826599 -0.2857067 -0.2839956 -0.2788134 -0.2799594 -0.2802600 -0.2821379 -0.2827254 -0.2839219 -0.2850491 -0.2877623 -0.2862523 -0.2875391 -0.2883154 -0.2871154 -0.2866375 -0.2920090 -0.2873840
0.1412096 0.1462342 0.1503516 0.1410197 0.1531671 0.1506386 0.1564027 0.1583940 0.1857960 0.1846439 0.1875807 0.1911420 0.1922662 0.9000899 0.1453427 0.1434663 0.0374969 0.0624160 0.0687017 0.0590715 0.0510505 0.0780341 0.0591494 0.0581263 0.0686617 0.0566423 0.0660288 0.0558713 0.0575179 0.0506951 0.0606115 0.0490137 0.0626224 0.0563102 0.0496310 0.0694335 0.0598960 0.0575620 0.0672497 0.0658609 0.0545870 0.0427938 0.0491829 0.0534260 0.0659883 0.0582048 0.0471975 0.0306538 -0.0175075 0.0339180 0.0177627 0.0050527 0.0134409 0.0269201 0.0176332 0.0082113 -0.0091485 0.0064092 0.0326044 0.0160856 0.0312085 0.0141609 0.0134517 0.0341211 0.0168639 0.0309269 0.0037937 0.0320730 -0.0001008 0.0485451 0.0047226 -0.0149649 -0.0043997 0.0318555 0.0171482 0.0206349 0.0065527 -0.0152668 0.0099687 -0.0785380 -0.0884783 -0.0076054 0.0010319 0.0128660 -0.0423126 -0.0099722 -0.1217885 -0.0067067 -0.0415274 -0.0225625 -0.0226507 0.0124556 -0.0739181 -0.0018053 -0.1071865 -0.2780076 -0.2803273 -0.2789572 -0.2764227 -0.2766790 -0.2754498 -0.2781220 -0.2779528 -0.2795963 -0.2798971 -0.2822987 -0.2823802 -0.2809335 -0.2833391 -0.2826545 -0.2821060 -0.2854316 -0.2832374
0.1347806 0.1377237 0.1425195 0.1334545 0.1423618 0.1414970 0.1417523 0.1467834 0.1491269 0.1417795 0.1488696 0.1462417 0.1453013 0.1453427 0.8775218 0.1389506 0.0285981 0.0487613 0.0536607 0.0431253 0.0388280 0.0664171 0.0453139 0.0444117 0.0703193 0.0671232 0.0750176 0.0607926 0.0629529 0.0606616 0.0713172 0.0564283 0.0715686 0.0581948 0.0590653 0.0715362 0.0628780 0.0664645 0.0713120 0.0693783 0.0588001 0.0502107 0.0528384 0.0556105 0.0658914 0.0664304 0.0480270 0.0361697 -0.0147038 0.0377009 0.0240368 0.0101337 0.0184371 0.0358903 0.0269738 0.0076637 0.0018447 0.0163151 0.0432430 0.0251420 0.0434710 0.0297282 0.0269105 0.0351055 0.0228016 0.0365180 0.0139026 0.0375457 0.0084663 0.0550590 0.0153579 -0.0020254 0.0029350 0.0334346 0.0216611 0.0235360 0.0105238 -0.0118866 0.0158532 -0.0691196 -0.0798658 0.0084613 0.0134237 0.0225742 -0.0302617 -0.0017954 -0.1214687 0.0017163 -0.0349644 -0.0255817 -0.0255740 0.0137924 -0.0666666 -0.0001215 -0.1008423 -0.2780955 -0.2828753 -0.2825479 -0.2788174 -0.2784923 -0.2768198 -0.2809938 -0.2809038 -0.2812444 -0.2841886 -0.2847939 -0.2848021 -0.2845291 -0.2847300 -0.2855506 -0.2850079 -0.2881271 -0.2858035
0.1369582 0.1418191 0.1445992 0.1365574 0.1477679 0.1465455 0.1491259 0.1496331 0.1542825 0.1489395 0.1506924 0.1562309 0.1498406 0.1434663 0.1389506 0.8800113 0.0258393 0.0510786 0.0543087 0.0494715 0.0400423 0.0639122 0.0474181 0.0471949 0.0741027 0.0716554 0.0768107 0.0620808 0.0660421 0.0625946 0.0734367 0.0639052 0.0781552 0.0580715 0.0592146 0.0768269 0.0632115 0.0669155 0.0727653 0.0685596 0.0629365 0.0535728 0.0571069 0.0531282 0.0665130 0.0689225 0.0542860 0.0311977 -0.0141208 0.0359131 0.0230390 0.0107396 0.0167434 0.0373396 0.0251266 0.0068377 -0.0001403 0.0153666 0.0423055 0.0253007 0.0469215 0.0316214 0.0302618 0.0357361 0.0226373 0.0406048 0.0137871 0.0333915 0.0068388 0.0556793 0.0174818 -0.0037382 0.0030449 0.0368587 0.0205282 0.0299089 0.0132253 -0.0141650 0.0157478 -0.0705262 -0.0811771 0.0088422 0.0082005 0.0196369 -0.0304130 -0.0021119 -0.1217904 0.0010278 -0.0361461 -0.0354827 -0.0361180 0.0143548 -0.0495554 -0.0025724 -0.1046754 -0.2832247 -0.2864536 -0.2852861 -0.2795397 -0.2822978 -0.2796494 -0.2828221 -0.2839250 -0.2856039 -0.2869014 -0.2887104 -0.2886700 -0.2884161 -0.2895581 -0.2891831 -0.2891841 -0.2920496 -0.2889692
0.0306789 0.0275791 0.0352701 0.0304531 0.0345559 0.0354619 0.0315350 0.0357008 0.0362364 0.0340792 0.0405016 0.0377292 0.0321168 0.0374969 0.0285981 0.0258393 0.9787422 0.0419963 0.0477298 0.0598438 0.0605925 0.0412672 0.0509300 0.0596288 -0.0134390 -0.0169240 -0.0137741 -0.0087269 -0.0185263 -0.0205676 -0.0228998 -0.0227729 -0.0257375 -0.0096521 -0.0141833 -0.0172305 -0.0142637 -0.0177303 -0.0177056 -0.0179973 0.0020412 -0.0066243 -0.0307778 -0.0159843 -0.0115005 -0.0058185 -0.0070242 -0.0457198 -0.0136933 -0.0275726 -0.0205071 -0.0041533 -0.0383718 -0.0074685 -0.0156446 -0.0225331 -0.0174142 -0.0212718 -0.0325262 -0.0166899 -0.0219127 -0.0296881 -0.0286521 -0.0316813 -0.0365061 -0.0235237 -0.0376243 -0.0445093 -0.0362349 -0.0215149 -0.0305303 -0.0150965 -0.0176950 -0.0153347 -0.0232930 -0.0179434 -0.0146582 -0.0332105 -0.0148342 -0.0212085 -0.0221689 -0.0219872 -0.0177038 -0.0197733 -0.0255203 -0.0276746 0.0011671 -0.0250510 -0.0230025 -0.0840664 -0.0843330 -0.0434199 -0.0063172 -0.0210219 -0.0170200 0.0128893 0.0134467 0.0132926 0.0148239 0.0128847 0.0130139 0.0138408 0.0154782 0.0142193 0.0158285 0.0141107 0.0129376 0.0141520 0.0133181 0.0141100 0.0153378 0.0067075 0.0131005
0.0530377 0.0568298 0.0556857 0.0530978 0.0626871 0.0569458 0.0583480 0.0593714 0.0613430 0.0601641 0.0666845 0.0659434 0.0608702 0.0624160 0.0487613 0.0510786 0.0419963 0.9545892 0.0674505 0.0667931 0.0570698 0.0637400 0.0613093 0.0570709 -0.0004407 -0.0105948 -0.0034280 -0.0088220 -0.0054348 -0.0149912 -0.0110123 -0.0176664 -0.0078391 0.0055182 -0.0111892 -0.0075408 -0.0047764 -0.0052657 -0.0025991 -0.0067962 0.0030543 -0.0182140 -0.0089131 0.0004919 0.0072687 -0.0079127 -0.0094705 -0.0197113 -0.0170683 -0.0106081 -0.0076852 -0.0232526 -0.0179587 -0.0046061 -0.0255042 -0.0157345 -0.0237410 -0.0156581 -0.0250212 -0.0165114 -0.0283743 -0.0389671 -0.0394611 -0.0119526 -0.0189572 -0.0187695 -0.0283554 -0.0194208 -0.0354605 -0.0106448 -0.0270904 -0.0220629 -0.0175445 -0.0058848 -0.0156939 -0.0067896 -0.0198206 -0.0143358 -0.0081102 -0.0314332 -0.0389661 -0.0275265 -0.0149523 -0.0185243 -0.0255524 -0.0178046 -0.0264876 -0.0230036 -0.0245767 -0.0170971 -0.0166342 -0.0157511 -0.0171526 -0.0287868 -0.0254761 -0.0446313 -0.0475496 -0.0466066 -0.0425533 -0.0444319 -0.0446335 -0.0464999 -0.0457213 -0.0440058 -0.0434934 -0.0471060 -0.0483832 -0.0490317 -0.0477643 -0.0464851 -0.0471721 -0.0524262 -0.0456330
0.0549969 0.0597463 0.0645844 0.0573817 0.0652997 0.0635350 0.0655883 0.0704008 0.0666152 0.0631703 0.0746697 0.0709729 0.0655794 0.0687017 0.0536607 0.0543087 0.0477298 0.0674505 0.9694412 0.0705851 0.0709817 0.0723749 0.0639225 0.0641128 -0.0030538 -0.0064478 -0.0000677 -0.0103806 -0.0107605 -0.0178438 -0.0121743 -0.0214431 -0.0106887 0.0049086 -0.0171613 -0.0038962 -0.0082847 -0.0078791 -0.0038124 -0.0022585 -0.0007734 -0.0185024 -0.0141823 -0.0038918 0.0145907 -0.0077609 -0.0135269 -0.0200544 -0.0125756 -0.0072128 -0.0099078 -0.0246123 -0.0128242 -0.0075930 -0.0209340 -0.0082276 -0.0302467 -0.0219591 -0.0298360 -0.0163598 -0.0339213 -0.0429427 -0.0425812 -0.0076695 -0.0222234 -0.0206167 -0.0294451 -0.0180817 -0.0415830 -0.0116294 -0.0351805 -0.0349220 -0.0226350 -0.0059075 -0.0196526 -0.0170060 -0.0209808 -0.0209887 -0.0152723 -0.0311797 -0.0348626 -0.0388276 -0.0141473 -0.0285265 -0.0336635 -0.0254738 -0.0313371 -0.0246039 -0.0376131 -0.0133012 -0.0140445 -0.0181834 -0.0217027 -0.0285713 -0.0351721 -0.0428644 -0.0452052 -0.0455788 -0.0421982 -0.0413653 -0.0428908 -0.0435686 -0.0423231 -0.0448403 -0.0405374 -0.0447103 -0.0466060 -0.0443023 -0.0442517 -0.0460351 -0.0437007 -0.0468950 -0.0464165
0.0504945 0.0534175 0.0517753 0.0484667 0.0592203 0.0541608 0.0582676 0.0600135 0.0626127 0.0625526 0.0672239 0.0655657 0.0594859 0.0590715 0.0431253 0.0494715 0.0598438 0.0667931 0.0705851 1.0015810 0.0656162 0.0838930 0.0848477 0.0653339 -0.0151614 -0.0199080 -0.0158297 -0.0229356 -0.0246978 -0.0311665 -0.0287481 -0.0360774 -0.0208953 -0.0007454 -0.0215463 -0.0169998 -0.0119025 -0.0168697 -0.0128828 -0.0172472 -0.0160816 -0.0319548 -0.0269064 -0.0105006 -0.0003364 -0.0260991 -0.0293226 -0.0189498 -0.0111837 -0.0099548 -0.0101665 -0.0200619 -0.0079584 -0.0173023 -0.0299470 -0.0249554 -0.0319719 -0.0220021 -0.0404526 -0.0224209 -0.0488276 -0.0596183 -0.0606301 -0.0221653 -0.0213889 -0.0304582 -0.0336458 -0.0186096 -0.0492048 -0.0180064 -0.0391691 -0.0413988 -0.0258930 -0.0018792 -0.0196810 -0.0328839 -0.0321477 -0.0221114 -0.0219956 -0.0298211 -0.0498001 -0.0495980 -0.0381827 -0.0279137 -0.0431043 -0.0326996 -0.0151380 -0.0221439 -0.0214460 0.0099008 0.0109033 -0.0187609 -0.0111986 -0.0486954 -0.0186932 -0.0151607 -0.0171002 -0.0157694 -0.0123728 -0.0107416 -0.0154284 -0.0159114 -0.0106380 -0.0120185 -0.0111356 -0.0126471 -0.0140869 -0.0119658 -0.0139412 -0.0120293 -0.0133017 -0.0160497 -0.0163053
0.0458014 0.0423504 0.0473242 0.0405137 0.0517485 0.0477692 0.0482288 0.0519774 0.0507521 0.0509929 0.0582409 0.0539945 0.0500118 0.0510505 0.0388280 0.0400423 0.0605925 0.0570698 0.0709817 0.0656162 1.0036383 0.0719907 0.0686697 0.0689392 -0.0195497 -0.0202580 -0.0121480 -0.0227746 -0.0257794 -0.0351267 -0.0254385 -0.0354385 -0.0303466 -0.0084114 -0.0281363 -0.0230961 -0.0279602 -0.0204463 -0.0202886 -0.0195991 -0.0070942 -0.0254652 -0.0318008 -0.0166849 -0.0070510 -0.0189809 -0.0224244 -0.0442985 -0.0143256 -0.0184896 -0.0234191 -0.0122923 -0.0236678 -0.0221965 -0.0369957 -0.0234769 -0.0327113 -0.0323788 -0.0457038 -0.0268841 -0.0445802 -0.0469384 -0.0490091 -0.0245431 -0.0354734 -0.0339364 -0.0406074 -0.0452711 -0.0484233 -0.0220588 -0.0368920 -0.0300085 -0.0257101 -0.0157794 -0.0257625 -0.0339973 -0.0263624 -0.0177217 -0.0257475 -0.0284258 -0.0339076 -0.0417066 -0.0308932 -0.0255828 -0.0378298 -0.0388111 0.0000312 -0.0280892 -0.0226333 -0.0383339 -0.0390822 -0.0261053 -0.0055307 -0.0276743 -0.0203218 0.0103074 0.0124854 0.0129355 0.0145627 0.0139586 0.0120178 0.0118434 0.0143119 0.0131017 0.0151570 0.0117175 0.0118052 0.0137170 0.0110948 0.0137260 0.0127693 0.0069077 0.0126922
0.0702564 0.0691195 0.0723336 0.0664086 0.0782319 0.0720505 0.0734490 0.0795239 0.0760359 0.0747203 0.0823123 0.0820268 0.0760252 0.0780341 0.0664171 0.0639122 0.0412672 0.0637400 0.0723749 0.0838930 0.0719907 0.9839410 0.0767285 0.0751283 -0.0080949 -0.0056352 -0.0031806 -0.0076227 -0.0152275 -0.0219803 -0.0136549 -0.0249574 -0.0097782 0.0088295 -0.0116877 -0.0066415 -0.0079777 -0.0018620 -0.0056412 -0.0011154 -0.0051011 -0.0250208 -0.0122341 0.0001789 0.0106893 -0.0151764 -0.0177195 -0.0125499 -0.0085722 -0.0069613 -0.0034031 -0.0178792 0.0004581 -0.0137732 -0.0265503 -0.0151910 -0.0340571 -0.0166382 -0.0274596 -0.0169086 -0.0447547 -0.0489747 -0.0502362 -0.0097209 -0.0225075 -0.0237603 -0.0331892 -0.0119091 -0.0409162 -0.0107731 -0.0382158 -0.0367236 -0.0230709 -0.0026950 -0.0181650 -0.0228894 -0.0235566 -0.0074421 -0.0022910 -0.0361862 -0.0508412 -0.0469882 -0.0288441 -0.0198778 -0.0406376 -0.0265763 -0.0347814 -0.0227516 -0.0291829 0.0174762 0.0190653 -0.0138710 -0.0231492 -0.0340726 -0.0331586 -0.0585682 -0.0586943 -0.0598780 -0.0549326 -0.0554361 -0.0586733 -0.0556087 -0.0557762 -0.0578750 -0.0552015 -0.0570222 -0.0566172 -0.0552950 -0.0572510 -0.0551043 -0.0596491 -0.0606529 -0.0586990
0.0487056 0.0511760 0.0537550 0.0492223 0.0601229 0.0553686 0.0562961 0.0597767 0.0615007 0.0596271 0.0663199 0.0652177 0.0597304 0.0591494 0.0453139 0.0474181 0.0509300 0.0613093 0.0639225 0.0848477 0.0686697 0.0767285 0.9822737 0.0679355 -0.0134713 -0.0206938 -0.0156163 -0.0204171 -0.0221619 -0.0280723 -0.0200568 -0.0287678 -0.0216865 -0.0042625 -0.0226894 -0.0205958 -0.0198083 -0.0185772 -0.0180857 -0.0169464 -0.0044616 -0.0230529 -0.0263402 -0.0102339 -0.0060398 -0.0154564 -0.0227488 -0.0333704 -0.0212774 -0.0165385 -0.0129137 -0.0144327 -0.0222578 -0.0158485 -0.0326567 -0.0201377 -0.0374929 -0.0166256 -0.0349716 -0.0211388 -0.0441758 -0.0482278 -0.0473938 -0.0297925 -0.0349562 -0.0261527 -0.0405881 -0.0334056 -0.0475806 -0.0199151 -0.0441621 -0.0319248 -0.0302627 -0.0077167 -0.0270381 -0.0289274 -0.0253785 -0.0277940 -0.0172377 -0.0270533 -0.0434983 -0.0393256 -0.0308455 -0.0220559 -0.0354021 -0.0312486 -0.0157177 -0.0194587 -0.0234477 -0.0333453 -0.0329229 -0.0299681 -0.0124673 -0.0370367 -0.0202803 -0.0059508 -0.0046787 -0.0075818 -0.0004183 -0.0048464 -0.0030440 -0.0038569 -0.0024234 -0.0035625 -0.0008978 -0.0051093 -0.0052208 -0.0027058 -0.0031697 -0.0021933 -0.0049339 -0.0087840 -0.0016282
0.0532912 0.0483523 0.0523051 0.0507056 0.0577243 0.0536554 0.0505091 0.0534586 0.0569201 0.0584085 0.0614008 0.0593592 0.0554337 0.0581263 0.0444117 0.0471949 0.0596288 0.0570709 0.0641128 0.0653339 0.0689392 0.0751283 0.0679355 0.9699187 -0.0049410 -0.0040728 -0.0078840 -0.0079384 -0.0137202 -0.0196978 -0.0156352 -0.0184990 -0.0148104 0.0027593 -0.0181294 -0.0084691 -0.0082388 -0.0049652 -0.0044263 -0.0091232 0.0006390 -0.0185602 -0.0180748 -0.0041558 0.0055698 -0.0082620 -0.0104890 -0.0258060 -0.0160887 -0.0109146 -0.0066100 -0.0098314 -0.0160563 -0.0115893 -0.0170600 -0.0168631 -0.0258290 -0.0195897 -0.0295464 -0.0239052 -0.0308239 -0.0393305 -0.0396460 -0.0192812 -0.0250881 -0.0248129 -0.0314622 -0.0250572 -0.0332450 -0.0078234 -0.0286911 -0.0227458 -0.0178384 -0.0097065 -0.0189959 -0.0176437 -0.0165938 -0.0131047 -0.0192803 -0.0310824 -0.0451780 -0.0378060 -0.0207109 -0.0216320 -0.0273212 -0.0292211 -0.0200052 -0.0266163 -0.0304834 -0.0096535 -0.0103073 -0.0222776 -0.0170246 -0.0288770 -0.0253877 -0.0351171 -0.0339380 -0.0363426 -0.0309992 -0.0309262 -0.0326062 -0.0315556 -0.0304363 -0.0315664 -0.0315865 -0.0334779 -0.0315668 -0.0353837 -0.0336685 -0.0322638 -0.0338146 -0.0368871 -0.0336280
0.0687371 0.0705645 0.0688365 0.0699740 0.0703051 0.0726705 0.0712241 0.0708609 0.0717464 0.0677443 0.0641444 0.0654832 0.0679414 0.0686617 0.0703193 0.0741027 -0.0134390 -0.0004407 -0.0030538 -0.0151614 -0.0195497 -0.0080949 -0.0134713 -0.0049410 0.8476801 0.0792878 0.0827051 0.0941582 0.1050043 0.1164117 0.1168752 0.1006700 0.0846525 0.0562629 0.0685149 0.0858037 0.0734617 0.0700635 0.0725830 0.0788232 0.0588264 0.0640710 0.0689009 0.0548296 0.0620707 0.0751596 0.0619450 0.0488227 -0.0069020 0.0371291 0.0253567 0.0242516 0.0242035 0.0428777 0.0391376 0.0209262 0.0257254 0.0269864 0.0691964 0.0405525 0.0728603 0.0657331 0.0659397 0.0510126 0.0411059 0.0572439 0.0402571 0.0504923 0.0478942 0.0681342 0.0440456 0.0231555 0.0167044 0.0384527 0.0387268 0.0474745 0.0308242 0.0035210 0.0229445 -0.0399207 -0.0512537 0.0416075 0.0340910 0.0455275 -0.0065112 0.0219940 -0.1070518 0.0246035 -0.0137750 -0.0283020 -0.0304660 0.0311102 -0.0623572 0.0269385 -0.0863891 -0.2607602 -0.2661162 -0.2611183 -0.2613246 -0.2607789 -0.2594068 -0.2594023 -0.2641870 -0.2636628 -0.2685572 -0.2672469 -0.2674067 -0.2699674 -0.2702308 -0.2702994 -0.2669307 -0.2709031 -0.2689590
0.0641495 0.0659071 0.0648291 0.0633902 0.0628484 0.0670303 0.0661476 0.0667353 0.0629734 0.0615776 0.0578407 0.0582733 0.0620677 0.0566423 0.0671232 0.0716554 -0.0169240 -0.0105948 -0.0064478 -0.0199080 -0.0202580 -0.0056352 -0.0206938 -0.0040728 0.0792878 0.8546602 0.1120666 0.0711548 0.0854032 0.0791742 0.0879775 0.0827910 0.0856612 0.0563680 0.0657442 0.0860965 0.0705779 0.0697291 0.0735360 0.0784941 0.0572629 0.0668812 0.0655087 0.0508026 0.0551406 0.0754825 0.0635510 0.0514495 -0.0011744 0.0462458 0.0312851 0.0226938 0.0362669 0.0485668 0.0526525 0.0164577 0.0280144 0.0310699 0.0714678 0.0437268 0.0851686 0.0729921 0.0725419 0.0513454 0.0438145 0.0554642 0.0376583 0.0518383 0.0434541 0.0668770 0.0423376 0.0230885 0.0242055 0.0427747 0.0455229 0.0410265 0.0340937 0.0024253 0.0300918 -0.0337168 -0.0435853 0.0477671 0.0311088 0.0480145 0.0030768 0.0318496 -0.1137870 0.0258542 -0.0129582 -0.0200089 -0.0202191 0.0355635 -0.0562804 0.0255509 -0.0785108 -0.2536256 -0.2604952 -0.2575763 -0.2544451 -0.2566107 -0.2536130 -0.2579222 -0.2590165 -0.2589127 -0.2631818 -0.2619356 -0.2629156 -0.2630476 -0.2619497 -0.2662513 -0.2633333 -0.2636157 -0.2639744
0.0682506 0.0718650 0.0730528 0.0704964 0.0714525 0.0728820 0.0728741 0.0716906 0.0711558 0.0674150 0.0653892 0.0678493 0.0724986 0.0660288 0.0750176 0.0768107 -0.0137741 -0.0034280 -0.0000677 -0.0158297 -0.0121480 -0.0031806 -0.0156163 -0.0078840 0.0827051 0.1120666 0.8506291 0.0779769 0.0817016 0.0882486 0.0864392 0.0889112 0.0814870 0.0560608 0.0663467 0.0806766 0.0751574 0.0679457 0.0733389 0.0779628 0.0599062 0.0667312 0.0674995 0.0555333 0.0580250 0.0730214 0.0655432 0.0493204 -0.0060304 0.0415691 0.0236196 0.0263938 0.0283772 0.0411856 0.0443207 0.0138583 0.0250367 0.0331214 0.0693010 0.0483072 0.0803814 0.0717837 0.0710748 0.0553275 0.0463215 0.0515454 0.0392912 0.0492175 0.0437126 0.0695876 0.0482931 0.0230925 0.0156263 0.0415019 0.0443324 0.0456366 0.0302624 -0.0001053 0.0277121 -0.0464269 -0.0498739 0.0471920 0.0314743 0.0430851 0.0032195 0.0262488 -0.1063712 0.0215522 -0.0142495 -0.0303624 -0.0318483 0.0305222 -0.0572094 0.0294441 -0.0793846 -0.2600047 -0.2654539 -0.2616913 -0.2583860 -0.2612030 -0.2573560 -0.2605655 -0.2614922 -0.2632625 -0.2661139 -0.2653885 -0.2677831 -0.2673394 -0.2677009 -0.2686160 -0.2662131 -0.2690766 -0.2673272
0.0525725 0.0561220 0.0595585 0.0584578 0.0552100 0.0578204 0.0587381 0.0570225 0.0588708 0.0568855 0.0539783 0.0550121 0.0570249 0.0558713 0.0607926 0.0620808 -0.0087269 -0.0088220 -0.0103806 -0.0229356 -0.0227746 -0.0076227 -0.0204171 -0.0079384 0.0941582 0.0711548 0.0779769 0.8612862 0.1080416 0.0919806 0.0897105 0.1045904 0.0684877 0.0500338 0.0596089 0.0792974 0.0716610 0.0638674 0.0673789 0.0616159 0.0647895 0.0691119 0.0638688 0.0487428 0.0517570 0.0789679 0.0734546 0.0454904 -0.0105229 0.0327871 0.0300865 0.0281445 0.0283094 0.0508656 0.0435594 0.0093054 0.0286490 0.0270785 0.0700117 0.0387590 0.0808812 0.0764813 0.0773833 0.0445223 0.0360458 0.0511343 0.0308805 0.0461270 0.0441216 0.0658587 0.0397454 0.0299600 0.0269609 0.0330264 0.0377311 0.0434598 0.0312982 -0.0041677 0.0213301 -0.0390222 -0.0420969 0.0461183 0.0301996 0.0424374 -0.0017440 0.0249591 -0.0958924 0.0206568 -0.0221419 -0.0479753 -0.0492880 0.0189056 -0.0587824 0.0240013 -0.0786142 -0.2365347 -0.2414815 -0.2400519 -0.2353234 -0.2361020 -0.2337474 -0.2371566 -0.2394398 -0.2411990 -0.2460721 -0.2424173 -0.2438447 -0.2448780 -0.2432652 -0.2460014 -0.2430463 -0.2466457 -0.2461240
0.0566674 0.0601135 0.0587813 0.0592373 0.0569858 0.0610998 0.0594465 0.0583287 0.0590750 0.0562936 0.0550474 0.0551461 0.0587706 0.0575179 0.0629529 0.0660421 -0.0185263 -0.0054348 -0.0107605 -0.0246978 -0.0257794 -0.0152275 -0.0221619 -0.0137202 0.1050043 0.0854032 0.0817016 0.1080416 0.8562778 0.1013445 0.0956523 0.1113476 0.0751618 0.0536863 0.0626459 0.0792565 0.0690597 0.0690917 0.0725203 0.0698516 0.0602565 0.0598992 0.0645878 0.0510213 0.0519221 0.0725935 0.0617356 0.0485282 0.0043864 0.0368968 0.0300238 0.0174466 0.0313313 0.0492601 0.0457137 0.0149878 0.0279077 0.0340781 0.0715088 0.0415211 0.0856713 0.0775890 0.0777048 0.0523485 0.0404783 0.0565901 0.0390189 0.0479930 0.0442826 0.0676230 0.0436899 0.0286064 0.0214281 0.0400435 0.0410001 0.0433345 0.0325112 -0.0001396 0.0285691 -0.0359403 -0.0408267 0.0493519 0.0284789 0.0459487 -0.0009220 0.0214880 -0.1032716 0.0188669 -0.0143396 -0.0322629 -0.0329194 0.0264081 -0.0588059 0.0256887 -0.0785347 -0.2447719 -0.2520851 -0.2486960 -0.2470918 -0.2477317 -0.2450223 -0.2478931 -0.2512081 -0.2509338 -0.2541325 -0.2549674 -0.2537346 -0.2555292 -0.2553594 -0.2563008 -0.2551347 -0.2564014 -0.2561559
0.0537941 0.0573110 0.0582328 0.0562438 0.0542672 0.0591487 0.0594885 0.0555182 0.0568687 0.0521665 0.0491658 0.0498379 0.0545059 0.0506951 0.0606616 0.0625946 -0.0205676 -0.0149912 -0.0178438 -0.0311665 -0.0351267 -0.0219803 -0.0280723 -0.0196978 0.1164117 0.0791742 0.0882486 0.0919806 0.1013445 0.8563610 0.1182087 0.1026721 0.0769524 0.0563226 0.0697863 0.0840594 0.0765587 0.0803478 0.0727833 0.0783220 0.0596963 0.0700445 0.0752712 0.0557218 0.0603817 0.0771437 0.0689565 0.0624187 -0.0015562 0.0383811 0.0270973 0.0278325 0.0322906 0.0474726 0.0559158 0.0171034 0.0278364 0.0329857 0.0743239 0.0431135 0.0905771 0.0838209 0.0849485 0.0579219 0.0440130 0.0604291 0.0445095 0.0632036 0.0554893 0.0757283 0.0511231 0.0284271 0.0272725 0.0377025 0.0397499 0.0568266 0.0323242 0.0043916 0.0295456 -0.0374654 -0.0403162 0.0560757 0.0369923 0.0479475 0.0044845 0.0323371 -0.1081599 0.0271405 -0.0140081 -0.0280750 -0.0292555 0.0323738 -0.0581123 0.0312676 -0.0818071 -0.2566940 -0.2642142 -0.2595422 -0.2584541 -0.2590510 -0.2559238 -0.2582168 -0.2610926 -0.2610095 -0.2658129 -0.2649485 -0.2653134 -0.2650344 -0.2673315 -0.2662798 -0.2660400 -0.2678762 -0.2672902
0.0655250 0.0680498 0.0701358 0.0665053 0.0677681 0.0657853 0.0682559 0.0670981 0.0658599 0.0623497 0.0609639 0.0612252 0.0647984 0.0606115 0.0713172 0.0734367 -0.0228998 -0.0110123 -0.0121743 -0.0287481 -0.0254385 -0.0136549 -0.0200568 -0.0156352 0.1168752 0.0879775 0.0864392 0.0897105 0.0956523 0.1182087 0.8535438 0.1015618 0.0873052 0.0613405 0.0722198 0.0921715 0.0817921 0.0821996 0.0828697 0.0842257 0.0663066 0.0697995 0.0785003 0.0586962 0.0636894 0.0859585 0.0693171 0.0646608 -0.0078113 0.0499489 0.0328335 0.0333403 0.0381928 0.0494462 0.0565275 0.0222892 0.0260906 0.0319961 0.0852154 0.0448295 0.0851829 0.0774808 0.0778106 0.0543853 0.0494441 0.0611169 0.0464319 0.0653186 0.0534800 0.0822273 0.0497164 0.0239635 0.0255298 0.0463457 0.0481927 0.0482382 0.0339656 0.0041506 0.0295648 -0.0393562 -0.0484057 0.0503031 0.0363582 0.0511108 -0.0004972 0.0295767 -0.1133885 0.0293861 -0.0128597 -0.0165454 -0.0172742 0.0372780 -0.0675796 0.0404757 -0.0882982 -0.2769423 -0.2832485 -0.2774026 -0.2774307 -0.2774794 -0.2743688 -0.2780653 -0.2800529 -0.2815850 -0.2845760 -0.2843188 -0.2843144 -0.2847160 -0.2859129 -0.2853674 -0.2859265 -0.2862529 -0.2851975
0.0504313 0.0559186 0.0537271 0.0534018 0.0514833 0.0535098 0.0543362 0.0531550 0.0553422 0.0504917 0.0452071 0.0484007 0.0529125 0.0490137 0.0564283 0.0639052 -0.0227729 -0.0176664 -0.0214431 -0.0360774 -0.0354385 -0.0249574 -0.0287678 -0.0184990 0.1006700 0.0827910 0.0889112 0.1045904 0.1113476 0.1026721 0.1015618 0.8592190 0.0819501 0.0510313 0.0624536 0.0877638 0.0742163 0.0672698 0.0738721 0.0691752 0.0613192 0.0732616 0.0637981 0.0490235 0.0525089 0.0828583 0.0712108 0.0423442 -0.0101216 0.0362741 0.0229529 0.0352607 0.0207964 0.0547283 0.0520405 0.0175784 0.0303872 0.0372881 0.0743503 0.0513986 0.0941151 0.0953564 0.0960485 0.0431248 0.0351779 0.0561749 0.0455206 0.0431557 0.0502520 0.0716817 0.0557707 0.0361656 0.0250550 0.0341776 0.0386449 0.0573920 0.0407214 -0.0028213 0.0254468 -0.0343654 -0.0381964 0.0581240 0.0300424 0.0483289 0.0035977 0.0292071 -0.0945598 0.0190177 -0.0129264 -0.0728030 -0.0736694 0.0209736 -0.0497462 0.0388053 -0.0784708 -0.2435643 -0.2482955 -0.2438838 -0.2435747 -0.2434033 -0.2411986 -0.2441949 -0.2464123 -0.2466954 -0.2496696 -0.2492043 -0.2513425 -0.2521268 -0.2529522 -0.2525670 -0.2518261 -0.2531564 -0.2515212
0.0672637 0.0670314 0.0692500 0.0684043 0.0668868 0.0702485 0.0710180 0.0707418 0.0681466 0.0664583 0.0621702 0.0640126 0.0686226 0.0626224 0.0715686 0.0781552 -0.0257375 -0.0078391 -0.0106887 -0.0208953 -0.0303466 -0.0097782 -0.0216865 -0.0148104 0.0846525 0.0856612 0.0814870 0.0684877 0.0751618 0.0769524 0.0873052 0.0819501 0.8533001 0.0632116 0.0782786 0.0974287 0.0781695 0.0873198 0.0911592 0.0900805 0.0607725 0.0703682 0.0814754 0.0627060 0.0657111 0.0724723 0.0638015 0.0742756 0.0030111 0.0597141 0.0381294 0.0232552 0.0434606 0.0484200 0.0536833 0.0249450 0.0302542 0.0340586 0.0820090 0.0431763 0.0813973 0.0730618 0.0718040 0.0655362 0.0575476 0.0638583 0.0514245 0.0728660 0.0535349 0.0759107 0.0512323 0.0248857 0.0236150 0.0518452 0.0487716 0.0462828 0.0354765 0.0122940 0.0311401 -0.0355378 -0.0438417 0.0457919 0.0364037 0.0482929 0.0041968 0.0362237 -0.1201933 0.0355518 -0.0061712 0.0085111 0.0082078 0.0421530 -0.0675002 0.0284080 -0.0746221 -0.2816737 -0.2843867 -0.2827827 -0.2818693 -0.2811198 -0.2788245 -0.2808709 -0.2847381 -0.2852366 -0.2901559 -0.2886767 -0.2895840 -0.2895643 -0.2906350 -0.2910086 -0.2885025 -0.2892413 -0.2902684
0.0565364 0.0583328 0.0586141 0.0572732 0.0579142 0.0571585 0.0600590 0.0594463 0.0576301 0.0559453 0.0548541 0.0558383 0.0571424 0.0563102 0.0581948 0.0580715 -0.0096521 0.0055182 0.0049086 -0.0007454 -0.0084114 0.0088295 -0.0042625 0.0027593 0.0562629 0.0563680 0.0560608 0.0500338 0.0536863 0.0563226 0.0613405 0.0510313 0.0632116 0.9268758 0.0512633 0.0612485 0.0551919 0.0567660 0.0592806 0.0581150 0.0414788 0.0421195 0.0562720 0.0444102 0.0477652 0.0492717 0.0441623 0.0562719 0.0070743 0.0427484 0.0305129 0.0131322 0.0358649 0.0308210 0.0367914 0.0191516 0.0193749 0.0224454 0.0506804 0.0291433 0.0495799 0.0416475 0.0412039 0.0485805 0.0431495 0.0431284 0.0343151 0.0570194 0.0356618 0.0520715 0.0344957 0.0122075 0.0186215 0.0364485 0.0353693 0.0284221 0.0212603 0.0139226 0.0241796 -0.0268431 -0.0329555 0.0256296 0.0261604 0.0324761 0.0029152 0.0207085 -0.0847112 0.0242958 -0.0031858 0.0387410 0.0382535 0.0355547 -0.0466413 0.0224251 -0.0547479 -0.1975623 -0.2018141 -0.1992527 -0.1980533 -0.1972101 -0.1956141 -0.1974957 -0.1998201 -0.2012327 -0.2046955 -0.2034862 -0.2048135 -0.2043685 -0.2053933 -0.2064804 -0.2050180 -0.2062512 -0.2053512
