0.1297937 0.0000999 0.8701064
0.1117985 0.0000996 0.8881019
0.0773834 0.0000996 0.9225170
0.1586375 0.0000997 0.8412628
0.0511237 0.0000998 0.9487764
0.0574761 0.0000999 0.9424241
0.0501297 0.0000995 0.9497708
0.0436518 0.0000996 0.9562486
0.0374623 0.0000998 0.9624379
0.0364492 0.0023449 0.9612059
0.0158471 0.0075352 0.9766177
0.0001000 0.0035766 0.9963233
0.0352411 0.0000999 0.9646590
0.0394517 0.0019752 0.9585730
0.1835282 0.0000995 0.8163723
0.1659267 0.0000994 0.8339739
0.0660546 0.2493472 0.6845983
0.0529304 0.1996222 0.7474473
0.0002563 0.2037782 0.7959655
0.0000999 0.2265439 0.7733561
0.0000999 0.2492863 0.7506138
0.0000999 0.1895633 0.8103367
0.0000999 0.2328607 0.7670393
0.0391655 0.2117287 0.7491058
0.6579955 0.0000990 0.3419056
0.6951289 0.0000992 0.3047720
0.6490088 0.0000991 0.3508921
0.6903095 0.0010251 0.3086654
0.7136470 0.0000995 0.2862535
0.7642935 0.0000990 0.2356076
0.7304090 0.0000982 0.2694928
0.7398086 0.0000994 0.2600920
0.7315614 0.0000980 0.2683406
0.6202424 0.0428824 0.3368752
0.7327995 0.0060430 0.2611575
0.6908165 0.0000982 0.3090853
0.7057208 0.0000994 0.2941798
0.7176699 0.0000994 0.2822306
0.6834214 0.0000988 0.3164798
0.6959952 0.0000991 0.3039058
0.5661958 0.0352062 0.3985980
0.6859179 0.0264547 0.2876275
0.7928185 0.0000997 0.2070818
0.6323427 0.0366668 0.3309905
0.5666703 0.0236863 0.4096434
0.6628791 0.0015473 0.3355736
0.6814422 0.0256727 0.2928852
0.9127966 0.0053205 0.0818829
0.6391618 0.1952642 0.1655741
0.7154812 0.0521178 0.2324010
0.6806012 0.0992092 0.2201896
0.5827686 0.1457316 0.2714998
0.7533861 0.0840967 0.1625171
0.6299518 0.0795835 0.2904647
0.7877091 0.0595192 0.1527717
0.6351867 0.1427380 0.2220753
0.7487159 0.1300705 0.1212135
0.6879021 0.1173603 0.1947376
0.8708566 0.0000999 0.1290434
0.7103261 0.0829144 0.2067595
0.8672269 0.0000995 0.1326736
0.9132390 0.0122865 0.0744745
0.9150079 0.0137428 0.0712493
0.7930028 0.0302409 0.1767563
0.8441725 0.0520322 0.1037953
0.7620955 0.0362430 0.2016615
0.8352049 0.0759644 0.0888308
0.9104074 0.0028460 0.0867466
0.8971266 0.0670814 0.0357920
0.7316247 0.0028771 0.2654982
0.8341749 0.0694079 0.0964172
0.7071175 0.1491935 0.1436890
0.7116541 0.1363952 0.1519508
0.6599987 0.0685883 0.2714130
0.7590011 0.0717796 0.1692193
0.6810905 0.0852824 0.2336272
0.6869996 0.1131840 0.1998165
0.7023615 0.1724280 0.1252104
0.6666453 0.1145643 0.2187904
0.6595362 0.3254770 0.0149868
0.6566306 0.3432693 0.0001001
0.8201824 0.0926222 0.0871954
0.7474005 0.1086079 0.1439915
0.7553843 0.0739005 0.1707152
0.7642995 0.2011623 0.0345382
0.7764117 0.1251783 0.0984101
0.2973192 0.5412638 0.1614171
0.7684581 0.1214463 0.1100956
0.6890017 0.2341381 0.0768602
0.8625007 0.1373992 0.0001001
0.8602604 0.1396394 0.0001001
0.7900401 0.0851794 0.1247805
0.3974884 0.3916924 0.2108193
0.7885572 0.1186319 0.0928109
0.5189924 0.4363201 0.0446875
0.0141465 0.9857535 0.0001000
0.0032418 0.9966582 0.0001000
0.0104306 0.9894694 0.0001000
0.0066413 0.9878043 0.0055544
0.0139938 0.9859062 0.0001000
0.0194714 0.9804286 0.0001000
0.0137553 0.9861447 0.0001000
0.0060575 0.9930854 0.0008571
0.0028110 0.9949366 0.0022524
0.0001000 0.9998000 0.0001000
0.0001000 0.9998000 0.0001000
0.0001000 0.9998000 0.0001000
0.0001000 0.9998000 0.0001000
0.0001000 0.9998000 0.0001000
0.0001000 0.9998000 0.0001000
0.0001000 0.9998000 0.0001000
0.0001000 0.9998000 0.0001000
0.0001000 0.9998000 0.0001000
